time	V(vout)
0.000000000000000e+00	9.112033e-04
5.848170882457917e-08	9.316069e-04
1.169634176491583e-07	6.400083e-04
1.754451264737375e-07	3.640745e-05
2.339268352983167e-07	-8.791955e-04
2.924085441228958e-07	-2.106801e-03
3.508902529474750e-07	-3.646408e-03
4.093719617720541e-07	-5.498018e-03
7.518516146829438e-07	-2.159849e-02
1.230200082876866e-06	-5.733318e-02
1.920391518818313e-06	-1.294743e-01
2.849236568533435e-06	-2.530487e-01
4.122736088709339e-06	-4.531520e-01
5.608863925845208e-06	-7.131120e-01
7.670861329141351e-06	-1.098490e+00
1.044984158756612e-05	-1.637958e+00
1.454547370412403e-05	-2.430482e+00
1.926520818039031e-05	-3.247780e+00
2.265786392909552e-05	-3.681405e+00
2.562416558023375e-05	-3.890621e+00
2.751623986008552e-05	-3.935275e+00
2.986934025436843e-05	-3.902543e+00
3.319173750341171e-05	-3.707842e+00
3.755840027962335e-05	-3.228053e+00
4.428296387678247e-05	-2.133327e+00
5.114734904283698e-05	-7.625223e-01
5.816861532115282e-05	7.300835e-01
6.420020185376583e-05	2.015800e+00
7.084716197189413e-05	3.283024e+00
7.492695872047009e-05	3.790473e+00
7.647285174880702e-05	3.881957e+00
7.842508269264387e-05	3.918050e+00
8.032323167367293e-05	3.879774e+00
8.253065308374111e-05	3.758504e+00
8.570831183650196e-05	3.461408e+00
9.044669836197703e-05	2.804193e+00
9.798459677062180e-05	1.424158e+00
1.049286285277171e-04	-2.632811e-02
1.118190790918354e-04	-1.505344e+00
1.183867507429783e-04	-2.857804e+00
1.226826384727124e-04	-3.566070e+00
1.256335402989360e-04	-3.847008e+00
1.275315002908126e-04	-3.914733e+00
1.293365805236936e-04	-3.908046e+00
1.317211667743022e-04	-3.810031e+00
1.342985609396564e-04	-3.606004e+00
1.387280081045303e-04	-3.062686e+00
1.446304036681297e-04	-2.063957e+00
1.512129896709250e-04	-7.452958e-01
1.580288118996389e-04	7.032728e-01
1.641017806323182e-04	1.997824e+00
1.707110756528462e-04	3.263494e+00
1.748733883106874e-04	3.786965e+00
1.764529399421983e-04	3.881589e+00
1.782489805256750e-04	3.918210e+00
1.799598000597247e-04	3.892067e+00
1.820862632899374e-04	3.788956e+00
1.850741378847887e-04	3.531123e+00
1.895830987499321e-04	2.939944e+00
1.964392010652329e-04	1.727986e+00
2.033997310126740e-04	2.968475e-01
2.107532567483532e-04	-1.278339e+00
2.173721828789827e-04	-2.663203e+00
2.218856945899113e-04	-3.459310e+00
2.253300068765049e-04	-3.828987e+00
2.270373414547004e-04	-3.905198e+00
2.292379015995677e-04	-3.910455e+00
2.315385139685173e-04	-3.820936e+00
2.341790055885061e-04	-3.617594e+00
2.381920359959030e-04	-3.139206e+00
2.442559268013586e-04	-2.134870e+00
2.509799679466463e-04	-7.949890e-01
2.579001021460835e-04	6.746792e-01
2.639431749137847e-04	1.963708e+00
2.705803896307257e-04	3.241921e+00
2.748217605910575e-04	3.782448e+00
2.764337493736250e-04	3.880630e+00
2.783739159207335e-04	3.918250e+00
2.802641678274143e-04	3.881987e+00
2.824682647489287e-04	3.762985e+00
2.856155092254316e-04	3.471920e+00
2.903169776503428e-04	2.824971e+00
2.977554036431314e-04	1.469705e+00
3.047450772051010e-04	1.256673e-02
3.116896383504136e-04	-1.477837e+00
3.182605311723119e-04	-2.834057e+00
3.226288619246454e-04	-3.558968e+00
3.256131866681701e-04	-3.845783e+00
3.274983679055001e-04	-3.914212e+00
3.293251550014046e-04	-3.908283e+00
3.317354446002716e-04	-3.809187e+00
3.343070138951792e-04	-3.605188e+00
3.387385849692514e-04	-3.061138e+00
3.446295623277927e-04	-2.064069e+00
3.512109732087651e-04	-7.456858e-01
3.580250290519640e-04	7.024899e-01
3.640984781865309e-04	1.997155e+00
3.707075052779214e-04	3.262945e+00
3.748719802377696e-04	3.786858e+00
3.764524165592799e-04	3.881571e+00
3.782624710553295e-04	3.918238e+00
3.799889598319619e-04	3.891173e+00
3.821093677503917e-04	3.787443e+00
3.851166265492098e-04	3.526612e+00
3.896311018414501e-04	2.932549e+00
3.965488976581860e-04	1.706758e+00
4.035372007752703e-04	2.679421e-01
4.108499313632887e-04	-1.298918e+00
4.174634742398563e-04	-2.681049e+00
4.219427737902844e-04	-3.467491e+00
4.253518941505027e-04	-3.830442e+00
4.270729777519603e-04	-3.906100e+00
4.292382117605570e-04	-3.910420e+00
4.315732641165248e-04	-3.818936e+00
4.341990640670341e-04	-3.615670e+00
4.382698939081111e-04	-3.128250e+00
4.442960190655775e-04	-2.127219e+00
4.509884124021556e-04	-7.930039e-01
4.578943621698664e-04	6.736520e-01
4.639384851492623e-04	1.962896e+00
4.705721517632151e-04	3.240733e+00
4.748185000713900e-04	3.782231e+00
4.764325373680507e-04	3.880608e+00
4.783732896604420e-04	3.918265e+00
4.802642947292845e-04	3.881989e+00
4.824737350160746e-04	3.762603e+00
4.856199734822291e-04	3.471416e+00
4.903277851954023e-04	2.823253e+00
4.977639296345819e-04	1.467975e+00
5.047505346581869e-04	1.138062e-02
5.116912937218797e-04	-1.478214e+00
5.182621145050635e-04	-2.834374e+00
5.226324941627717e-04	-3.559425e+00
5.256145619461332e-04	-3.845857e+00
5.275006066533968e-04	-3.914243e+00
5.293261316048033e-04	-3.908261e+00
5.317408746677854e-04	-3.808861e+00
5.343118972612892e-04	-3.604715e+00
5.387497623481061e-04	-3.059510e+00
5.446401133360708e-04	-2.062077e+00
5.512224489364575e-04	-7.432840e-01
5.580339155389611e-04	7.044017e-01
5.641090099768536e-04	1.999368e+00
5.707174313634226e-04	3.264525e+00
5.748758945238070e-04	3.787177e+00
5.764538715040212e-04	3.881632e+00
5.782667065195376e-04	3.918245e+00
5.799959802481109e-04	3.890955e+00
5.821111615089939e-04	3.787323e+00
5.851243633037479e-04	3.525790e+00
5.896365399909124e-04	2.931703e+00
5.965718031468712e-04	1.702347e+00
6.035669090396451e-04	2.617123e-01
6.108728723149543e-04	-1.303784e+00
6.174852311046950e-04	-2.685282e+00
6.219569077316631e-04	-3.469496e+00
6.253573100628021e-04	-3.830795e+00
6.270817957377120e-04	-3.906317e+00
6.292384681500209e-04	-3.910407e+00
6.315801650434110e-04	-3.818536e+00
6.342027683340905e-04	-3.615314e+00
6.382862397540466e-04	-3.125943e+00
6.443038826922277e-04	-2.125713e+00
6.509893856540438e-04	-7.927524e-01
6.578924509447962e-04	6.732859e-01
6.639367403120895e-04	1.962567e+00
6.705696791491351e-04	3.240364e+00
6.748175212757245e-04	3.782162e+00
6.764321735276337e-04	3.880599e+00
6.783717465578126e-04	3.918268e+00
6.802615673796792e-04	3.882087e+00
6.824763142354553e-04	3.762423e+00
6.856193718782581e-04	3.471482e+00
6.903320083084954e-04	2.822587e+00
6.977582278354366e-04	1.469057e+00
7.047442234396972e-04	1.268084e-02
7.116841174144865e-04	-1.476719e+00
7.182551012977947e-04	-2.833073e+00
7.226250184618822e-04	-3.558497e+00
7.256117313298237e-04	-3.845711e+00
7.274959988280797e-04	-3.914181e+00
7.293242391516527e-04	-3.908305e+00
7.317483660408793e-04	-3.808415e+00
7.343178905277132e-04	-3.604135e+00
7.387628420245748e-04	-3.057602e+00
7.446504618200148e-04	-2.060113e+00
7.512334965902507e-04	-7.409660e-01
7.580420667529191e-04	7.061608e-01
7.641189031101683e-04	2.001450e+00
7.707266744277565e-04	3.265998e+00
7.748795385351476e-04	3.787474e+00
7.764552259830960e-04	3.881690e+00
7.782672323007974e-04	3.918246e+00
7.799953000326231e-04	3.890976e+00
7.821039229134659e-04	3.787794e+00
7.851188482123246e-04	3.526381e+00
7.896239746412655e-04	2.933630e+00
7.965624774701300e-04	1.704203e+00
8.035570379935718e-04	2.638234e-01
8.108689476832661e-04	-1.302921e+00
8.174819502216340e-04	-2.684620e+00
8.219554348957003e-04	-3.469268e+00
8.253567457644353e-04	-3.830751e+00
8.270808769694325e-04	-3.906291e+00
8.292384368508583e-04	-3.910407e+00
8.315775925602297e-04	-3.818684e+00
8.342006612153470e-04	-3.615515e+00
8.382810980000042e-04	-3.126671e+00
8.442994613942379e-04	-2.126543e+00
8.509863311124717e-04	-7.933986e-01
8.578905610738422e-04	6.728717e-01
8.639345862019025e-04	1.962107e+00
8.705678201044870e-04	3.240058e+00
8.748167853206665e-04	3.782098e+00
8.764318999562602e-04	3.880586e+00
8.783701142890318e-04	3.918268e+00
8.802585521929722e-04	3.882195e+00
8.824801667046315e-04	3.762152e+00
8.856192039596698e-04	3.471497e+00
8.903381635654742e-04	2.821615e+00
8.977520859243983e-04	1.470213e+00
9.047370230785177e-04	1.415873e-02
9.116754791508138e-04	-1.474922e+00
9.182466793836371e-04	-2.831512e+00
9.226161789889103e-04	-3.557400e+00
9.256083839084565e-04	-3.845538e+00
9.274905497047704e-04	-3.914107e+00
9.293220199421951e-04	-3.908358e+00
9.317580502876537e-04	-3.807837e+00
9.343257154755011e-04	-3.603377e+00
9.387799181718361e-04	-3.055109e+00
9.446641943993884e-04	-2.057508e+00
9.512481951368523e-04	-7.378823e-01
9.580529816876632e-04	7.085154e-01
9.641321174685796e-04	2.004230e+00
9.707390406578821e-04	3.267967e+00
9.748844124330339e-04	3.787872e+00
9.764570376048386e-04	3.881766e+00
9.782682927711708e-04	3.918248e+00
9.799951424037982e-04	3.890981e+00
9.820952353165324e-04	3.788358e+00
9.851128584945949e-04	3.527023e+00
9.896091442283211e-04	2.935901e+00
9.965533367436036e-04	1.706036e+00
1.003547905841550e-03	2.657887e-01
1.010866441651663e-03	-1.302352e+00
1.017480110087339e-03	-2.684232e+00
1.021955051267513e-03	-3.469191e+00
1.025356598779502e-03	-3.830733e+00
1.027080637654332e-03	-3.906280e+00
1.029238427518544e-03	-3.910405e+00
1.031575114693504e-03	-3.818825e+00
1.034198441876970e-03	-3.615727e+00
1.038276408857307e-03	-3.127334e+00
1.044294827932910e-03	-2.127410e+00
1.050982696095192e-03	-7.941630e-01
1.057888069361405e-03	6.723307e-01
1.063931788334062e-03	1.961514e+00
1.070565311966812e-03	3.239650e+00
1.074815792344457e-03	3.782013e+00
1.076431530843840e-03	3.880569e+00
1.078367950249042e-03	3.918268e+00
1.080254563112501e-03	3.882336e+00
1.082485012261784e-03	3.761812e+00
1.085618860540793e-03	3.471531e+00
1.090345925442007e-03	2.820388e+00
1.097743972801946e-03	1.471742e+00
1.104727610756334e-03	1.609220e-02
1.111664288241153e-03	-1.472593e+00
1.118235758111594e-03	-2.829486e+00
1.122604649417900e-03	-3.555967e+00
1.125604017081456e-03	-3.845312e+00
1.127483441109466e-03	-3.914010e+00
1.129319147388681e-03	-3.908425e+00
1.131770623624592e-03	-3.807085e+00
1.134335916860858e-03	-3.602388e+00
1.138802096810567e-03	-3.051867e+00
1.144682126571101e-03	-2.054106e+00
1.151267417490194e-03	-7.338495e-01
1.158067303848683e-03	7.116046e-01
1.164149442968524e-03	2.007874e+00
1.170755273352263e-03	3.270547e+00
1.174890807795685e-03	3.788391e+00
1.176459414742843e-03	3.881866e+00
1.178269696324829e-03	3.918250e+00
1.179994957280218e-03	3.890987e+00
1.182085617979079e-03	3.788982e+00
1.185106227455422e-03	3.527733e+00
1.189592969064771e-03	2.938376e+00
1.196543240577841e-03	1.708059e+00
1.203537767138596e-03	2.679695e-01
1.210863593708313e-03	-1.301707e+00
1.217477981300125e-03	-2.683786e+00
1.221954580620524e-03	-3.469099e+00
1.225356418452306e-03	-3.830712e+00
1.227080344052642e-03	-3.906268e+00
1.229238389884417e-03	-3.910404e+00
1.231571809385588e-03	-3.819015e+00
1.234195496124182e-03	-3.616008e+00
1.238270225735565e-03	-3.128209e+00
1.244288762547905e-03	-2.128545e+00
1.250977956196077e-03	-7.951601e-01
1.257884835830831e-03	6.716284e-01
1.263928154381526e-03	1.960743e+00
1.270562058445849e-03	3.239119e+00
1.274814504167885e-03	3.781903e+00
1.276431051997887e-03	3.880547e+00
1.278365075798300e-03	3.918268e+00
1.280249252835902e-03	3.882524e+00
1.282490892506958e-03	3.761399e+00
1.285618064660930e-03	3.471616e+00
1.290355292174268e-03	2.818908e+00
1.297732898397130e-03	1.473838e+00
1.304715069087966e-03	1.867324e-02
1.311649702855638e-03	-1.469555e+00
1.318221508112680e-03	-2.826839e+00
1.322589492581320e-03	-3.554078e+00
1.325598275229282e-03	-3.845014e+00
1.327474094118369e-03	-3.913880e+00
1.329315409585424e-03	-3.908513e+00
1.331786821245850e-03	-3.806112e+00
1.334349116459561e-03	-3.601106e+00
1.338830633859288e-03	-3.047688e+00
1.344705320830786e-03	-2.049704e+00
1.351292323986253e-03	-7.286238e-01
1.358085963906572e-03	7.156287e-01
1.364171999619114e-03	2.012617e+00
1.370776436652244e-03	3.273905e+00
1.374899141604376e-03	3.789066e+00
1.376462512379171e-03	3.881996e+00
1.378271481590975e-03	3.918252e+00
1.379994617316646e-03	3.890997e+00
1.382087284930458e-03	3.788873e+00
1.385106909579468e-03	3.527659e+00
1.389597775417388e-03	2.937644e+00
1.396543531788759e-03	1.707976e+00
1.403537019607945e-03	2.681075e-01
1.410861419262510e-03	-1.301260e+00
1.417475617005485e-03	-2.683337e+00
1.421952975730484e-03	-3.468878e+00
1.425355803530266e-03	-3.830674e+00
1.427079342860401e-03	-3.906245e+00
1.429238107571041e-03	-3.910411e+00
1.431566472571776e-03	-3.819322e+00
1.434191032951230e-03	-3.616435e+00
1.438260521755494e-03	-3.129581e+00
1.444280165102182e-03	-2.130157e+00
1.450971751011815e-03	-7.964702e-01
1.457880892781782e-03	6.707667e-01
1.463923670828411e-03	1.959787e+00
1.470558137822182e-03	3.238476e+00
1.474812951710461e-03	3.781769e+00
1.476430474911423e-03	3.880520e+00
1.478361120231171e-03	3.918267e+00
1.480241854402372e-03	3.882784e+00
1.482496373059322e-03	3.761015e+00
1.485615154638891e-03	3.471937e+00
1.490363501822065e-03	2.817616e+00
1.497715141262097e-03	1.477243e+00
1.504809522884858e-03	-1.334720e-03
1.511744648147313e-03	-1.489744e+00
1.518290700293292e-03	-2.839991e+00
1.522635177943681e-03	-3.560013e+00
1.525615578059194e-03	-3.846010e+00
1.527502260732421e-03	-3.914313e+00
1.529325903294540e-03	-3.908286e+00
1.531801664739315e-03	-3.805196e+00
1.534364745485847e-03	-3.599578e+00
1.538871761833059e-03	-3.041659e+00
1.544749790909598e-03	-2.041311e+00
1.551341252097316e-03	-7.183923e-01
1.558125336332290e-03	7.240814e-01
1.564218080605403e-03	2.022272e+00
1.570820274514101e-03	3.280813e+00
1.574916389609180e-03	3.790443e+00
1.576468923325453e-03	3.882256e+00
1.578286308998210e-03	3.918269e+00
1.580017417489462e-03	3.890282e+00
1.582122172782875e-03	3.786593e+00
1.585151470650631e-03	3.522900e+00
1.589669356910920e-03	2.926639e+00
1.596646921521271e-03	1.687784e+00
1.603660860014633e-03	2.419475e-01
1.610941127187716e-03	-1.318304e+00
1.617548769693856e-03	-2.697658e+00
1.621998321225450e-03	-3.475366e+00
1.625373170482540e-03	-3.831830e+00
1.627107618928672e-03	-3.906943e+00
1.629238895405462e-03	-3.910378e+00
1.631585704274075e-03	-3.818208e+00
1.634201064768972e-03	-3.615470e+00
1.638308887769708e-03	-3.122755e+00
1.644303750699394e-03	-2.125646e+00
1.650974875765126e-03	-7.956765e-01
1.657875483984197e-03	6.697353e-01
1.663918767399910e-03	1.958866e+00
1.670551053802668e-03	3.237421e+00
1.674810146212659e-03	3.781570e+00
1.676429432036306e-03	3.880494e+00
1.678354098658531e-03	3.918276e+00
1.680228757787746e-03	3.883249e+00
1.682499600914077e-03	3.760795e+00
1.685606226665174e-03	3.472935e+00
1.690367457780993e-03	2.817012e+00
1.697680390958938e-03	1.483984e+00
1.704913268205923e-03	-2.330523e-02
1.711852365622461e-03	-1.512628e+00
1.718367433496217e-03	-2.854532e+00
1.722681670043717e-03	-3.566045e+00
1.725633173910447e-03	-3.847028e+00
1.727530903875907e-03	-3.914743e+00
1.729336955356520e-03	-3.908048e+00
1.731823291749382e-03	-3.803863e+00
1.734386768936384e-03	-3.597422e+00
1.738926951317327e-03	-3.033544e+00
1.744808124924313e-03	-2.030281e+00
1.751405475604631e-03	-7.049537e-01
1.758176999923082e-03	7.351748e-01
1.764278737377170e-03	2.034976e+00
1.770878073489572e-03	3.289876e+00
1.774939100542233e-03	3.792239e+00
1.776477364706684e-03	3.882594e+00
1.778302829037662e-03	3.918280e+00
1.780041072831947e-03	3.889529e+00
1.782159467237741e-03	3.784136e+00
1.785198321792101e-03	3.517870e+00
1.789746475448087e-03	2.914737e+00
1.796755008118892e-03	1.666619e+00
1.803789944683887e-03	2.146538e-01
1.811025634667037e-03	-1.336376e+00
1.817625689137202e-03	-2.712376e+00
1.822058091131560e-03	-3.483403e+00
1.825396038651498e-03	-3.833160e+00
1.827144851395551e-03	-3.907744e+00
1.829240811738830e-03	-3.910281e+00
1.831612498235385e-03	-3.816633e+00
1.834213674264326e-03	-3.614250e+00
1.838370440803617e-03	-3.114036e+00
1.844328686550921e-03	-2.120834e+00
1.850972300546791e-03	-7.960204e-01
1.857862715223840e-03	6.671703e-01
1.863906139200855e-03	1.956361e+00
1.870535808545645e-03	3.235077e+00
1.874804106749266e-03	3.781111e+00
1.876427187001013e-03	3.880424e+00
1.878344743243897e-03	3.918287e+00
1.880212304482285e-03	3.883829e+00
1.882504328499837e-03	3.760472e+00
1.885595610389926e-03	3.474121e+00
1.890373512249682e-03	2.816080e+00
1.897638470618536e-03	1.492107e+00
1.904854484496900e-03	-1.099013e-02
1.911794223566388e-03	-1.500393e+00
1.918314391571762e-03	-2.844630e+00
1.922628883217327e-03	-3.559463e+00
1.925613194730464e-03	-3.845977e+00
1.927498381029724e-03	-3.914304e+00
1.929323280943764e-03	-3.908364e+00
1.931855432394255e-03	-3.801915e+00
1.934411388744405e-03	-3.595018e+00
1.938979216290489e-03	-3.025827e+00
1.944845792034576e-03	-2.023086e+00
1.951445270551576e-03	-6.965790e-01
1.958206056996363e-03	7.414556e-01
1.964314534237645e-03	2.042501e+00
1.970911628477328e-03	3.295139e+00
1.974952269766903e-03	3.793282e+00
1.976482259511879e-03	3.882793e+00
1.978299952969698e-03	3.918274e+00
1.980028416370935e-03	3.889929e+00
1.982164683947547e-03	3.783797e+00
1.985189576225545e-03	3.518801e+00
1.989756781125437e-03	2.913176e+00
1.996720567636955e-03	1.673167e+00
2.003740871244876e-03	2.248793e-01
2.010980207211552e-03	-1.326800e+00
2.017582015438882e-03	-2.704269e+00
2.022017259478480e-03	-3.478144e+00
2.025380419159471e-03	-3.832340e+00
2.027119420807287e-03	-3.907245e+00
2.029238392778533e-03	-3.910386e+00
2.031577769436338e-03	-3.818665e+00
2.034191540204374e-03	-3.616378e+00
2.038302060326302e-03	-3.123734e+00
2.044288614056935e-03	-2.128444e+00
2.050957246841048e-03	-7.993345e-01
2.057860763341105e-03	6.665900e-01
2.063902613286129e-03	1.955483e+00
2.070535582281451e-03	3.234930e+00
2.074804017094783e-03	3.781059e+00
2.076427153673835e-03	3.880398e+00
2.078337095872480e-03	3.918273e+00
2.080196790623958e-03	3.884360e+00
2.082512816829273e-03	3.759876e+00
2.085587776362213e-03	3.474990e+00
2.090385735758571e-03	2.814164e+00
2.097600549653150e-03	1.499413e+00
2.104799875127439e-03	4.239319e-04
2.111768061644610e-03	-1.494971e+00
2.118276622396998e-03	-2.837658e+00
2.122584487456308e-03	-3.553962e+00
2.125596378841689e-03	-3.845113e+00
2.127471007034404e-03	-3.913932e+00
2.129312060146002e-03	-3.908629e+00
2.131890324359059e-03	-3.799779e+00
2.134439814529298e-03	-3.592231e+00
2.139039694288743e-03	-3.016867e+00
2.144894386978494e-03	-2.013821e+00
2.151497265242208e-03	-6.856526e-01
2.158245441749496e-03	7.499481e-01
2.164362247997063e-03	2.052512e+00
2.170956743328132e-03	3.302172e+00
2.174969958073298e-03	3.794665e+00
2.176488833961334e-03	3.883055e+00
2.178299793026500e-03	3.918268e+00
2.180019216602388e-03	3.890215e+00
2.182187982415385e-03	3.782261e+00
2.185196472097319e-03	3.518045e+00
2.189802263697257e-03	2.906175e+00
2.196716550663747e-03	1.673680e+00
2.203725233085199e-03	2.279788e-01
2.210951858091688e-03	-1.320925e+00
2.217552964271546e-03	-2.698744e+00
2.221996144248616e-03	-3.475250e+00
2.225372337067890e-03	-3.831850e+00
2.227106262007766e-03	-3.906948e+00
2.229236497585385e-03	-3.910438e+00
2.231557194985558e-03	-3.819854e+00
2.234176338420734e-03	-3.617831e+00
2.238260546539018e-03	-3.129603e+00
2.244258192315278e-03	-2.134175e+00
2.250939783758057e-03	-8.030641e-01
2.257852102469587e-03	6.646482e-01
2.263892340381931e-03	1.953252e+00
2.270527520007481e-03	3.233568e+00
2.274800822149714e-03	3.780768e+00
2.276425966017266e-03	3.880333e+00
2.278327458315322e-03	3.918262e+00
2.280178576909715e-03	3.884983e+00
2.282518296442387e-03	3.759497e+00
2.285575893168880e-03	3.476314e+00
2.290392237359660e-03	2.813164e+00
2.297553786186771e-03	1.508474e+00
2.304734532706891e-03	1.411653e-02
2.311757475924736e-03	-1.492857e+00
2.318242539154441e-03	-2.831409e+00
2.322542878836289e-03	-3.548804e+00
2.325580607969489e-03	-3.844306e+00
2.327445333804641e-03	-3.913573e+00
2.329301917727776e-03	-3.908870e+00
2.331924953265080e-03	-3.797641e+00
2.334468818857979e-03	-3.589376e+00
2.339100582644651e-03	-3.007812e+00
2.344945323791016e-03	-2.004108e+00
2.351552271415879e-03	-6.740965e-01
2.358287782255562e-03	7.590695e-01
2.364413288620642e-03	2.063207e+00
2.370999040000773e-03	3.308793e+00
2.374986523103025e-03	3.795972e+00
2.376494990886119e-03	3.883309e+00
2.378299908248881e-03	3.918268e+00
2.380028803728399e-03	3.889914e+00
2.382227008979617e-03	3.779661e+00
2.385235815126876e-03	3.513796e+00
2.389876875829481e-03	2.894592e+00
2.396792872554331e-03	1.658604e+00
2.403812399748836e-03	2.094563e-01
2.411001753812338e-03	-1.331674e+00
2.417597350248651e-03	-2.707480e+00
2.422023293638386e-03	-3.479157e+00
2.425382728198500e-03	-3.832552e+00
2.427123180241382e-03	-3.907365e+00
2.429236615135026e-03	-3.910428e+00
2.431598414741091e-03	-3.817478e+00
2.434205961041127e-03	-3.615001e+00
2.438344541299183e-03	-3.117715e+00
2.444315044977195e-03	-2.123436e+00
2.450968642480946e-03	-7.968538e-01
2.457863430945928e-03	6.672596e-01
2.463906575106973e-03	1.956398e+00
2.470537535673632e-03	3.235311e+00
2.474804791084651e-03	3.781151e+00
2.476427441388251e-03	3.880424e+00
2.478319651353813e-03	3.918270e+00
2.480161072064511e-03	3.885584e+00
2.482522123108188e-03	3.759238e+00
2.485565005044312e-03	3.477528e+00
2.490399376169339e-03	2.812062e+00
2.497513978820711e-03	1.516178e+00
2.504678511232973e-03	2.585142e-02
2.511731985053490e-03	-1.487553e+00
2.518205606473906e-03	-2.824550e+00
2.522491307088105e-03	-3.542331e+00
2.525561046177257e-03	-3.843281e+00
2.527413488881245e-03	-3.913103e+00
2.529289541950823e-03	-3.909160e+00
2.531960472538161e-03	-3.795434e+00
2.534498392248226e-03	-3.586457e+00
2.539160992053927e-03	-2.998796e+00
2.544995038822410e-03	-1.994613e+00
2.551606005773667e-03	-6.628011e-01
2.558329133954397e-03	7.679793e-01
2.564463267259922e-03	2.073673e+00
2.571013286659095e-03	3.311327e+00
2.574992098686715e-03	3.796533e+00
2.576497063228065e-03	3.883466e+00
2.578298691679992e-03	3.918301e+00
2.580042086828813e-03	3.889510e+00
2.582267717341318e-03	3.776930e+00
2.585281497247294e-03	3.508845e+00
2.589956344362598e-03	2.882196e+00
2.596888684975457e-03	1.639728e+00
2.603924939459864e-03	1.855945e-01
2.611073483826421e-03	-1.347052e+00
2.617661937081372e-03	-2.720107e+00
2.622064426465124e-03	-3.484998e+00
2.625398461043145e-03	-3.833588e+00
2.627148795346670e-03	-3.907974e+00
2.629237921804781e-03	-3.910389e+00
2.631654507574864e-03	-3.814203e+00
2.634247358976343e-03	-3.611028e+00
2.638461095089048e-03	-3.101109e+00
2.644397886015607e-03	-2.107787e+00
2.651014215902705e-03	-7.870972e-01
2.657884554237554e-03	6.720282e-01
2.663932252804199e-03	1.961994e+00
2.670557272489354e-03	3.238660e+00
2.674812609040324e-03	3.781871e+00
2.676430347532387e-03	3.880586e+00
2.678312845346799e-03	3.918282e+00
2.680144001826121e-03	3.886168e+00
2.682524730268638e-03	3.759067e+00
2.685554181226903e-03	3.478735e+00
2.690405685499976e-03	2.811091e+00
2.697476629339936e-03	1.523409e+00
2.704626059971574e-03	3.684117e-02
2.711686115693593e-03	-1.477900e+00
2.718160855829116e-03	-2.816141e+00
2.722429915870209e-03	-3.534510e+00
2.725537738224606e-03	-3.842025e+00
2.727375544835738e-03	-3.912504e+00
2.729275488030671e-03	-3.909483e+00
2.731999627285745e-03	-3.792981e+00
2.734531222188574e-03	-3.583204e+00
2.739225741220791e-03	-2.989093e+00
2.745048631774574e-03	-1.984365e+00
2.751664220217019e-03	-6.505610e-01
2.758374193196513e-03	7.776854e-01
2.764517714921026e-03	2.085067e+00
2.771029501953727e-03	3.314183e+00
2.774998442301004e-03	3.797161e+00
2.776499421032147e-03	3.883639e+00
2.778320307300131e-03	3.918355e+00
2.780082572803907e-03	3.888223e+00
2.782340183850579e-03	3.771992e+00
2.785369576423220e-03	3.499228e+00
2.790104392613149e-03	2.858957e+00
2.797092106342700e-03	1.599663e+00
2.804167863400854e-03	1.341374e-01
2.811242151603332e-03	-1.383103e+00
2.817813914436057e-03	-2.749285e+00
2.822176613438792e-03	-3.500193e+00
2.825441309528662e-03	-3.836146e+00
2.827218556952782e-03	-3.909440e+00
2.829245656339364e-03	-3.910159e+00
2.831768717938246e-03	-3.807369e+00
2.834331649188656e-03	-3.602864e+00
2.838705784608418e-03	-3.065846e+00
2.844575064082765e-03	-2.074234e+00
2.851155148994430e-03	-7.573120e-01
2.857974062754370e-03	6.915900e-01
2.864042099669475e-03	1.985354e+00
2.870654534792399e-03	3.254514e+00
2.874851074097955e-03	3.785154e+00
2.876444645636396e-03	3.881250e+00
2.878327836500166e-03	3.918316e+00
2.880158121019404e-03	3.885701e+00
2.882557166497123e-03	3.756747e+00
2.885592995484905e-03	3.474380e+00
2.890478905908716e-03	2.799369e+00
2.897567230302492e-03	1.505362e+00
2.904733108678776e-03	1.407728e-02
2.911760796290996e-03	-1.493854e+00
2.918228164321304e-03	-2.828970e+00
2.922473677557664e-03	-3.540335e+00
2.925554355318366e-03	-3.843016e+00
2.927402596612528e-03	-3.912980e+00
2.929284558358367e-03	-3.909292e+00
2.932005911329004e-03	-3.792567e+00
2.934538798679190e-03	-3.582444e+00
2.939251529638241e-03	-2.985230e+00
2.945077603557820e-03	-1.978858e+00
2.951696200334968e-03	-6.438597e-01
2.958400997829392e-03	7.834336e-01
2.964549168425230e-03	2.091625e+00
2.971039844529190e-03	3.315960e+00
2.975002487099087e-03	3.797544e+00
2.976504049789524e-03	3.883863e+00
2.978335006332562e-03	3.918377e+00
2.980107007430011e-03	3.887430e+00
2.982385758181061e-03	3.768847e+00
2.985424122065557e-03	3.493223e+00
2.990198525973512e-03	2.844091e+00
2.997217303150885e-03	1.574916e+00
3.004279074930417e-03	1.104877e-01
3.011310535099437e-03	-1.397781e+00
3.017879381645626e-03	-2.761965e+00
3.022220693170662e-03	-3.506282e+00
3.025458121075077e-03	-3.837204e+00
3.027245927288235e-03	-3.910021e+00
3.029250119583145e-03	-3.910058e+00
3.031827039474574e-03	-3.803814e+00
3.034379075803493e-03	-3.598238e+00
3.038832741817971e-03	-3.047330e+00
3.044678768549546e-03	-2.054592e+00
3.051263897539068e-03	-7.345014e-01
3.058055128729419e-03	7.090787e-01
3.064140190623835e-03	2.006000e+00
3.070746125924893e-03	3.269142e+00
3.074887204226856e-03	3.788117e+00
3.076458075308021e-03	3.881823e+00
3.078350181783068e-03	3.918323e+00
3.080188077034129e-03	3.884678e+00
3.082604048253474e-03	3.753356e+00
3.085654198280221e-03	3.467477e+00
3.090578709681730e-03	2.783300e+00
3.097712952480731e-03	1.476379e+00
3.104909793683305e-03	-2.343466e-02
3.111909086940422e-03	-1.525430e+00
3.118355199906884e-03	-2.853040e+00
3.122565576226200e-03	-3.552340e+00
3.125589212229312e-03	-3.845027e+00
3.127459340629786e-03	-3.913906e+00
3.129304760292693e-03	-3.908855e+00
3.132000010703167e-03	-3.792910e+00
3.134538007315669e-03	-3.582511e+00
3.139265494883095e-03	-2.983145e+00
3.145102532466766e-03	-1.974148e+00
3.151724410657593e-03	-6.379692e-01
3.158426278578452e-03	7.888342e-01
3.164578085414672e-03	2.097635e+00
3.171050041591230e-03	3.317683e+00
3.175006473971315e-03	3.797909e+00
3.176510541687347e-03	3.884153e+00
3.178338604663738e-03	3.918390e+00
3.180107376549319e-03	3.887422e+00
3.182400921614207e-03	3.767799e+00
3.185436246155205e-03	3.491880e+00
3.190232459817896e-03	2.838734e+00
3.197240197904592e-03	1.570292e+00
3.204292238227615e-03	1.076060e-01
3.211311306903122e-03	-1.398027e+00
3.217880084792536e-03	-2.762162e+00
3.222219739097565e-03	-3.506197e+00
3.225457757343488e-03	-3.837200e+00
3.227245335111947e-03	-3.910017e+00
3.229250217141252e-03	-3.910060e+00
3.231815231297974e-03	-3.804538e+00
3.234369271771780e-03	-3.599196e+00
3.238810518128331e-03	-3.050585e+00
3.244659742239231e-03	-2.058197e+00
3.251243541813546e-03	-7.387690e-01
3.258039660233387e-03	7.057455e-01
3.264121673362713e-03	2.002107e+00
3.270728742695110e-03	3.266379e+00
3.274880353812035e-03	3.787560e+00
3.276455529020981e-03	3.881716e+00
3.278348327390462e-03	3.918323e+00
3.280187206486675e-03	3.884708e+00
3.282615337615776e-03	3.752540e+00
3.285661665077285e-03	3.466629e+00
3.290599015570354e-03	2.780035e+00
3.297724289030967e-03	1.474051e+00
3.304920810395323e-03	-2.582961e-02
3.311915768569269e-03	-1.526900e+00
3.318359555831783e-03	-2.853904e+00
3.322568401698730e-03	-3.552732e+00
3.325590283108555e-03	-3.845098e+00
3.327461083900417e-03	-3.913938e+00
3.329305157521600e-03	-3.908848e+00
3.332013961258065e-03	-3.792019e+00
3.334550547136799e-03	-3.581260e+00
3.339294636319919e-03	-2.978761e+00
3.345129699420350e-03	-1.968957e+00
3.351754085700875e-03	-6.317351e-01
3.358450241960229e-03	7.939850e-01
3.364606685857461e-03	2.103603e+00
3.371059420906557e-03	3.319299e+00
3.375010140228572e-03	3.798257e+00
3.376516511521658e-03	3.884426e+00
3.378343659175120e-03	3.918405e+00
3.380111204402500e-03	3.887302e+00
3.382421473605578e-03	3.766371e+00
3.385455299392206e-03	3.489769e+00
3.390277308656348e-03	2.831633e+00
3.397279601805782e-03	1.562405e+00
3.404318053127444e-03	1.020350e-01
3.411319769527695e-03	-1.399922e+00
3.417888588402547e-03	-2.763863e+00
3.422224247045024e-03	-3.506860e+00
3.425459475902044e-03	-3.837324e+00
3.427248133024415e-03	-3.910084e+00
3.429250857168466e-03	-3.910050e+00
3.431813198796347e-03	-3.804662e+00
3.434367522484758e-03	-3.599366e+00
3.438808999444509e-03	-3.050809e+00
3.444657917448675e-03	-2.058540e+00
3.451241343762805e-03	-7.392278e-01
3.458037855538393e-03	7.053586e-01
3.464119641617056e-03	2.001682e+00
3.470726806802061e-03	3.266072e+00
3.474879590716257e-03	3.787498e+00
3.476455245378786e-03	3.881704e+00
3.478349787003713e-03	3.918324e+00
3.480190473689190e-03	3.884596e+00
3.482632357519163e-03	3.751304e+00
3.485677092206086e-03	3.464877e+00
3.490631943199804e-03	2.774724e+00
3.497755054012248e-03	1.467855e+00
3.504955559451385e-03	-3.326220e-02
3.511935466687212e-03	-1.531139e+00
3.518377992338230e-03	-2.857411e+00
3.522581479036286e-03	-3.554441e+00
3.525595238912038e-03	-3.845387e+00
3.527469151367652e-03	-3.914067e+00
3.529308002356161e-03	-3.908787e+00
3.532027413016108e-03	-3.791154e+00
3.534563238245040e-03	-3.579990e+00
3.539325540307084e-03	-2.974105e+00
3.545160081873388e-03	-1.963155e+00
3.551787462043641e-03	-6.247267e-01
3.558477580162040e-03	7.998564e-01
3.564639171432202e-03	2.110376e+00
3.571070401335822e-03	3.321177e+00
3.575014431259950e-03	3.798660e+00
3.576523498686755e-03	3.884742e+00
3.578350224849081e-03	3.918420e+00
3.580116978882258e-03	3.887118e+00
3.582445509167384e-03	3.764692e+00
3.585478751932826e-03	3.487165e+00
3.590329909843871e-03	2.823281e+00
3.597329497540019e-03	1.552435e+00
3.604351877339896e-03	9.475835e-02
3.611333008951400e-03	-1.402843e+00
3.617901858244847e-03	-2.766485e+00
3.622232007086340e-03	-3.507970e+00
3.625462433925875e-03	-3.837525e+00
3.627252948849964e-03	-3.910192e+00
3.629251907727836e-03	-3.910031e+00
3.631814578064854e-03	-3.804577e+00
3.634368582795301e-03	-3.599263e+00
3.638815161227398e-03	-3.049911e+00
3.644662467386818e-03	-2.057676e+00
3.651245847523009e-03	-7.382810e-01
3.658041090171010e-03	7.060583e-01
3.664123695314038e-03	2.002536e+00
3.670730567882331e-03	3.266672e+00
3.674881073233547e-03	3.787620e+00
3.676455796429322e-03	3.881728e+00
3.678352915783712e-03	3.918324e+00
3.680196171634490e-03	3.884400e+00
3.682653196436346e-03	3.749783e+00
3.685697489731193e-03	3.462558e+00
3.690672954314510e-03	2.768095e+00
3.697797684760351e-03	1.459291e+00
3.705004742060930e-03	-4.376171e-02
3.711961412600196e-03	-1.536709e+00
3.718404230457071e-03	-2.862375e+00
3.722600324721357e-03	-3.556885e+00
3.725602378899173e-03	-3.845797e+00
3.727480774366060e-03	-3.914247e+00
3.729312255669708e-03	-3.908695e+00
3.732041407391324e-03	-3.790248e+00
3.734576759541203e-03	-3.578634e+00
3.739359090047092e-03	-2.969041e+00
3.745193835759282e-03	-1.956707e+00
3.751824643065825e-03	-6.169197e-01
3.758508258609235e-03	8.064427e-01
3.764675577812820e-03	2.117960e+00
3.771083016777429e-03	3.323323e+00
3.775019359800354e-03	3.799118e+00
3.776531523918667e-03	3.885101e+00
3.778357619363323e-03	3.918436e+00
3.780123320659771e-03	3.886914e+00
3.782471732612445e-03	3.762851e+00
3.785504499015684e-03	3.484299e+00
3.790387728901578e-03	2.814076e+00
3.797384634915693e-03	1.541409e+00
3.804389576703492e-03	8.665098e-02
3.811348288193301e-03	-1.406207e+00
3.817917075410557e-03	-2.769485e+00
3.822241016653001e-03	-3.509252e+00
3.825465867736040e-03	-3.837757e+00
3.827258539269251e-03	-3.910316e+00
3.829253174429473e-03	-3.910007e+00
3.831815998770300e-03	-3.804489e+00
3.834369687095484e-03	-3.599154e+00
3.838821878777925e-03	-3.048931e+00
3.844667480159508e-03	-2.056725e+00
3.851250816775839e-03	-7.372364e-01
3.858044677185176e-03	7.068341e-01
3.864128181521801e-03	2.003481e+00
3.870734734205843e-03	3.267336e+00
3.874882715314094e-03	3.787754e+00
3.876456406788641e-03	3.881754e+00
3.878356551454723e-03	3.918324e+00
3.880202829602278e-03	3.884170e+00
3.882676409095498e-03	3.748081e+00
3.885720493474513e-03	3.459937e+00
3.890718759714191e-03	2.760675e+00
3.897846141787259e-03	1.449555e+00
3.905060852492538e-03	-5.573846e-02
3.911987047905723e-03	-1.542216e+00
3.918435959470266e-03	-2.868341e+00
3.922630615004055e-03	-3.560725e+00
3.925613850448029e-03	-3.846423e+00
3.927499448440707e-03	-3.914516e+00
3.929319922135912e-03	-3.908523e+00
3.932055928953760e-03	-3.789299e+00
3.934591543186656e-03	-3.577146e+00
3.939395714272538e-03	-2.963502e+00
3.945232608083713e-03	-1.949300e+00
3.951867665884910e-03	-6.078889e-01
3.958544187478244e-03	8.141509e-01
3.964718072839086e-03	2.126803e+00
3.971098204181124e-03	3.325889e+00
3.975025291112367e-03	3.799662e+00
3.976541181980242e-03	3.885528e+00
3.978373912996069e-03	3.918448e+00
3.980138906056012e-03	3.886400e+00
3.982511190931104e-03	3.760057e+00
3.985546504539033e-03	3.479607e+00
3.990475323191919e-03	2.800073e+00
3.997480409015519e-03	1.522306e+00
4.004458522162971e-03	7.188972e-02
4.011382696365950e-03	-1.413676e+00
4.017951181244245e-03	-2.776124e+00
4.022262975871776e-03	-3.512302e+00
4.025474234726731e-03	-3.838293e+00
4.027272161102529e-03	-3.910603e+00
4.029256242133713e-03	-3.909945e+00
4.031829825379695e-03	-3.803640e+00
4.034381179182091e-03	-3.598030e+00
4.038856871694828e-03	-3.043809e+00
4.044696554496017e-03	-2.051214e+00
4.051281226466552e-03	-7.308570e-01
4.058067597233159e-03	7.117763e-01
4.064155920180740e-03	2.009314e+00
4.070760727420004e-03	3.271466e+00
4.074892955975368e-03	3.788585e+00
4.076460213212570e-03	3.881914e+00
4.078367187035320e-03	3.918321e+00
4.080220032590627e-03	3.883571e+00
4.082712669400718e-03	3.745403e+00
4.085762187523125e-03	3.455173e+00
4.090792382130937e-03	2.748703e+00
4.097940609111281e-03	1.430641e+00
4.105173769107453e-03	-7.977561e-02
4.112057570649291e-03	-1.557259e+00
4.118518835764693e-03	-2.883819e+00
4.122706287925801e-03	-3.570222e+00
4.125642486001614e-03	-3.847961e+00
4.127546062228478e-03	-3.915152e+00
4.129339982646319e-03	-3.908069e+00
4.132067356022923e-03	-3.788526e+00
4.134606759797109e-03	-3.575604e+00
4.139436501743705e-03	-2.957322e+00
4.145283839404199e-03	-1.939532e+00
4.151925556210676e-03	-5.957540e-01
4.158594000112731e-03	8.248180e-01
4.164773022264989e-03	2.138221e+00
4.171117397310424e-03	3.329133e+00
4.175032783666326e-03	3.800349e+00
4.176553382236816e-03	3.886064e+00
4.178410159046796e-03	3.918438e+00
4.180172181040840e-03	3.885282e+00
4.182575180730246e-03	3.755471e+00
4.185617649232514e-03	3.471611e+00
4.190620394505822e-03	2.776748e+00
4.197651547725299e-03	1.488161e+00
4.204585952583621e-03	4.466516e-02
4.211453796082123e-03	-1.429013e+00
4.218020919067584e-03	-2.789600e+00
4.222309401809452e-03	-3.518662e+00
4.225491913433362e-03	-3.839396e+00
4.227300942551285e-03	-3.911182e+00
4.229263331534527e-03	-3.909795e+00
4.231862467141330e-03	-3.801622e+00
4.234431947974580e-03	-3.593054e+00
4.238946708741236e-03	-3.030564e+00
4.244805440079063e-03	-2.030682e+00
4.251405914118388e-03	-7.048115e-01
4.258169250695062e-03	7.335696e-01
4.264274088049684e-03	2.034044e+00
4.270874184462268e-03	3.289288e+00
4.274937573493012e-03	3.792126e+00
4.276476797123585e-03	3.882578e+00
4.278410849701783e-03	3.918275e+00
4.280289680458997e-03	3.881089e+00
4.282808983531346e-03	3.738176e+00
4.285891917204136e-03	3.440228e+00
4.290991897261268e-03	2.716005e+00
4.298253566819655e-03	1.368039e+00
4.305558615061334e-03	-1.615640e-01
4.312585105307658e-03	-1.669223e+00
4.318967528342794e-03	-2.966846e+00
4.323107000365346e-03	-3.618762e+00
4.325793604697536e-03	-3.855755e+00
4.327543162184532e-03	-3.914664e+00
4.329309190130605e-03	-3.908471e+00
4.331894101279930e-03	-3.799474e+00
4.334457855134964e-03	-3.590430e+00
4.339075100398312e-03	-3.011598e+00
4.344924181698010e-03	-2.008140e+00
4.351529040840380e-03	-6.789746e-01
4.358270910590109e-03	7.554342e-01
4.364392065599589e-03	2.058762e+00
4.370984778278670e-03	3.306527e+00
4.374980939627621e-03	3.795518e+00
4.376492915609926e-03	3.883215e+00
4.378356125041820e-03	3.918291e+00
4.380133138343101e-03	3.886516e+00
4.382522182149035e-03	3.759252e+00
4.385528380019487e-03	3.481601e+00
4.390463772357724e-03	2.801953e+00
4.397408893744979e-03	1.536279e+00
4.404394348175602e-03	8.537500e-02
4.411327559610199e-03	-1.402014e+00
4.417896749033329e-03	-2.765749e+00
4.422220621217949e-03	-3.506612e+00
4.425458093643984e-03	-3.837334e+00
4.427245882628819e-03	-3.910086e+00
4.429253299161155e-03	-3.910028e+00
4.431706855276289e-03	-3.811073e+00
4.434280685166977e-03	-3.607798e+00
4.438608827983304e-03	-3.079918e+00
4.444491494255629e-03	-2.090013e+00
4.451064539863311e-03	-7.762844e-01
4.457906126796083e-03	6.769497e-01
4.463961145335906e-03	1.968309e+00
4.470578921976369e-03	3.242347e+00
4.474821179752310e-03	3.782666e+00
4.476433533463666e-03	3.880769e+00
4.478343188593400e-03	3.918320e+00
4.480201800294617e-03	3.884207e+00
4.482707898994838e-03	3.745768e+00
4.485740536483485e-03	3.457641e+00
4.490767169311942e-03	2.752827e+00
4.497874826529532e-03	1.443669e+00
4.505089732747014e-03	-6.200126e-02
4.511959629472205e-03	-1.536500e+00
4.518427900936207e-03	-2.866836e+00
4.522687648451866e-03	-3.567569e+00
4.525635435652830e-03	-3.847458e+00
4.527534585584465e-03	-3.914939e+00
4.529336848192986e-03	-3.908116e+00
4.532092694805990e-03	-3.786879e+00
4.534627630929314e-03	-3.573501e+00
4.539477834865892e-03	-2.951033e+00
4.545317984287001e-03	-1.932961e+00
4.551962518072572e-03	-5.879654e-01
4.558623461951019e-03	8.311608e-01
4.564785534946084e-03	2.140873e+00
4.571111540120551e-03	3.328435e+00
4.575030497528011e-03	3.800256e+00
4.576549659678274e-03	3.885967e+00
4.578436214129243e-03	3.918424e+00
4.580230682336708e-03	3.883266e+00
4.582664754768452e-03	3.748943e+00
4.585732461327974e-03	3.458591e+00
4.590801621783906e-03	2.747310e+00
4.597921576451067e-03	1.434345e+00
4.604797746891602e-03	-3.808311e-04
4.611592550768355e-03	-1.458684e+00
4.618157748599212e-03	-2.815735e+00
4.622405673240175e-03	-3.531560e+00
4.625528527646250e-03	-3.841588e+00
4.627360550326989e-03	-3.912292e+00
4.629280667807900e-03	-3.909419e+00
4.631934425737424e-03	-3.797112e+00
4.634524577259132e-03	-3.583882e+00
4.639131241302879e-03	-3.003155e+00
4.645009777317102e-03	-1.991944e+00
4.651635505900551e-03	-6.567445e-01
4.658356287088748e-03	7.737007e-01
4.664493677542863e-03	2.079932e+00
4.671025980121823e-03	3.313387e+00
4.674997064737093e-03	3.796954e+00
4.676498909017160e-03	3.883563e+00
4.678472496872786e-03	3.918197e+00
4.680389797890328e-03	3.877401e+00
4.682943411852454e-03	3.727873e+00
4.686077904674645e-03	3.418463e+00
4.691276433045000e-03	2.668860e+00
4.698713009285999e-03	1.275687e+00
4.706810873307263e-03	-4.274718e-01
4.713006282599440e-03	-1.757671e+00
4.719746310593043e-03	-3.102358e+00
4.723820479498020e-03	-3.694931e+00
4.726060915843389e-03	-3.867245e+00
4.727900952959333e-03	-3.917471e+00
4.729714885073632e-03	-3.898315e+00
4.732244258938243e-03	-3.776210e+00
4.735000718974322e-03	-3.534831e+00
4.739772068182968e-03	-2.905229e+00
4.746151904927976e-03	-1.773537e+00
4.752997763891387e-03	-3.712609e-01
4.759571601841320e-03	1.033114e+00
4.765486059978893e-03	2.285245e+00
4.771511524074297e-03	3.390665e+00
4.775185889509253e-03	3.812445e+00
4.776802684677060e-03	3.895309e+00
4.779053314342068e-03	3.913638e+00
4.781232224470521e-03	3.839649e+00
4.783821263970772e-03	3.654193e+00
4.787471209831402e-03	3.243151e+00
4.793301274267294e-03	2.317221e+00
4.800250810885686e-03	9.566149e-01
4.807381412845963e-03	-5.548512e-01
4.813403254496395e-03	-1.846412e+00
4.820093322295653e-03	-3.164700e+00
4.824031842792988e-03	-3.717502e+00
4.826139778808024e-03	-3.871325e+00
4.827775487461805e-03	-3.916424e+00
4.829484667037016e-03	-3.904096e+00
4.831813379332769e-03	-3.804079e+00
4.834498089269812e-03	-3.586361e+00
4.838970616835250e-03	-3.026879e+00
4.845023367988117e-03	-1.990011e+00
4.851676728253314e-03	-6.485821e-01
4.858418651398306e-03	7.866424e-01
4.864549806000728e-03	2.091294e+00
4.871054005648551e-03	3.317739e+00
4.875008023575801e-03	3.797806e+00
4.876513064936946e-03	3.884125e+00
4.878409781798224e-03	3.918294e+00
4.880246836643806e-03	3.882624e+00
4.882795852693114e-03	3.739195e+00
4.885854632403508e-03	3.444537e+00
4.890986336256960e-03	2.717024e+00
4.898149674573069e-03	1.388522e+00
4.905416400093674e-03	-1.315871e-01
4.912345319250219e-03	-1.618594e+00
4.918765193925003e-03	-2.929804e+00
4.922882551496175e-03	-3.592303e+00
4.925709062216219e-03	-3.851606e+00
4.927448328183473e-03	-3.913474e+00
4.929269992623746e-03	-3.909413e+00
4.931961280308465e-03	-3.795362e+00
4.934506605850699e-03	-3.585635e+00
4.939184394108037e-03	-2.995300e+00
4.945000781270349e-03	-1.993457e+00
4.951609111501416e-03	-6.621005e-01
4.958329486323091e-03	7.680997e-01
4.964464681176003e-03	2.074005e+00
4.971012642040157e-03	3.311268e+00
4.974991846451083e-03	3.796530e+00
4.976496969476735e-03	3.883472e+00
4.978325664262704e-03	3.918326e+00
4.980095986770692e-03	3.887770e+00
4.982523671107887e-03	3.759179e+00
4.985507322645738e-03	3.483946e+00
4.990464104405458e-03	2.801958e+00
4.997334463649329e-03	1.550754e+00
5.004325975983782e-03	9.970457e-02
5.011266302051990e-03	-1.389085e+00
5.017834923250545e-03	-2.754306e+00
5.022167519728516e-03	-3.499854e+00
5.025437839605669e-03	-3.836285e+00
5.027212907644386e-03	-3.909498e+00
5.029243317823828e-03	-3.910284e+00
5.031813894069980e-03	-3.804657e+00
5.034432583782488e-03	-3.593029e+00
5.038834693743769e-03	-3.046941e+00
5.044770908870178e-03	-2.037494e+00
5.051386042138029e-03	-7.091988e-01
5.058164594335856e-03	7.323623e-01
5.064260538663923e-03	2.031041e+00
5.070865417425112e-03	3.287780e+00
5.074934130503164e-03	3.791801e+00
5.076475517410483e-03	3.882496e+00
5.078386734268279e-03	3.918283e+00
5.080242164174766e-03	3.882779e+00
5.082791849613418e-03	3.739495e+00
5.085840771820014e-03	3.446131e+00
5.090954176087305e-03	2.722289e+00
5.098106031971961e-03	1.397275e+00
5.105364439534014e-03	-1.205281e-01
5.112319533495082e-03	-1.613105e+00
5.118730302331677e-03	-2.923404e+00
5.122864225345353e-03	-3.590031e+00
5.125702148086268e-03	-3.851232e+00
5.127444426444412e-03	-3.913420e+00
5.129266194961507e-03	-3.909492e+00
5.131969839136941e-03	-3.794827e+00
5.134520669499908e-03	-3.584242e+00
5.139204014173284e-03	-2.992349e+00
5.145025477423601e-03	-1.988771e+00
5.151637935116934e-03	-6.560690e-01
5.158353501699909e-03	7.732446e-01
5.164492549308819e-03	2.079816e+00
5.171021413943110e-03	3.312786e+00
5.174995278496960e-03	3.796859e+00
5.176498245104769e-03	3.883559e+00
5.178318858531560e-03	3.918339e+00
5.180049377658023e-03	3.889285e+00
5.182487348249722e-03	3.761786e+00
5.185436128188162e-03	3.491836e+00
5.190404288299044e-03	2.811639e+00
5.197167151200416e-03	1.583562e+00
5.204188596008024e-03	1.287235e-01
5.211166679973579e-03	-1.367893e+00
5.217731485811112e-03	-2.734379e+00
5.222092875927022e-03	-3.489566e+00
5.225409335466319e-03	-3.834510e+00
5.227166500171232e-03	-3.908492e+00
5.229238553146975e-03	-3.910412e+00
5.231663933863166e-03	-3.813661e+00
5.234291670022997e-03	-3.606779e+00
5.238519695515355e-03	-3.092673e+00
5.244490494377053e-03	-2.090533e+00
5.251111443871878e-03	-7.668467e-01
5.257961694075556e-03	6.885605e-01
5.264019261975713e-03	1.980250e+00
5.270640321572308e-03	3.251987e+00
5.274845459423764e-03	3.784590e+00
5.276442558605703e-03	3.881105e+00
5.278345551088815e-03	3.918296e+00
5.280196254921929e-03	3.884386e+00
5.282744344339499e-03	3.743073e+00
5.285764410944562e-03	3.454901e+00
5.290841020742696e-03	2.740844e+00
5.297911345560182e-03	1.436112e+00
5.305123349630644e-03	-6.935222e-02
5.312151131505929e-03	-1.577372e+00
5.318536104773230e-03	-2.887522e+00
5.322749461852659e-03	-3.575706e+00
5.325658808925896e-03	-3.848874e+00
5.327572632578948e-03	-3.915516e+00
5.329353130376384e-03	-3.907782e+00
5.332127852861065e-03	-3.784566e+00
5.334667025817520e-03	-3.569514e+00
5.339571239932808e-03	-2.936788e+00
5.345422909917552e-03	-1.912866e+00
5.352080630682885e-03	-5.631627e-01
5.358723903026433e-03	8.526887e-01
5.364831125822244e-03	2.150438e+00
5.371098262905338e-03	3.326988e+00
5.375025314042317e-03	3.800097e+00
5.376541219317485e-03	3.885778e+00
5.378424622793553e-03	3.918513e+00
5.380216607765081e-03	3.883794e+00
5.382696017830622e-03	3.746672e+00
5.385745366790837e-03	3.457109e+00
5.390869158520487e-03	2.736365e+00
5.397934876215565e-03	1.431377e+00
5.404797013227247e-03	-4.714962e-04
5.411571805490116e-03	-1.454481e+00
5.418136214645720e-03	-2.811812e+00
5.422387411356661e-03	-3.529250e+00
5.425521586867037e-03	-3.841224e+00
5.427349250900581e-03	-3.912112e+00
5.429277059361286e-03	-3.909508e+00
5.431918035295020e-03	-3.798149e+00
5.434548688598288e-03	-3.581495e+00
5.439113332442639e-03	-3.005756e+00
5.445044646813248e-03	-1.985485e+00
5.451685684356633e-03	-6.463665e-01
5.458404032554411e-03	7.838197e-01
5.464545191586349e-03	2.090579e+00
5.471045246781651e-03	3.316578e+00
5.475004599410705e-03	3.797619e+00
5.476507489305641e-03	3.883951e+00
5.478487888358401e-03	3.918174e+00
5.480411606004184e-03	3.876579e+00
5.483003961858802e-03	3.723165e+00
5.486143362721468e-03	3.410699e+00
5.491403501713853e-03	2.647671e+00
5.498859589751479e-03	1.245891e+00
5.506937670594358e-03	-4.547490e-01
5.513118918472267e-03	-1.781689e+00
5.519858703289515e-03	-3.121749e+00
5.523925555002347e-03	-3.705416e+00
5.526100136029830e-03	-3.868879e+00
5.527960928311012e-03	-3.917765e+00
5.529793453663278e-03	-3.896071e+00
5.532349722826560e-03	-3.768929e+00
5.535141181845564e-03	-3.519859e+00
5.539984366537960e-03	-2.872061e+00
5.546470025727657e-03	-1.711644e+00
5.553376555030568e-03	-2.914296e-01
5.559915492502939e-03	1.106487e+00
5.566162527266944e-03	2.422689e+00
5.571192720825560e-03	3.350661e+00
5.575062154442229e-03	3.806534e+00
5.576601207130780e-03	3.890117e+00
5.578846967665520e-03	3.916955e+00
5.581045392529274e-03	3.849433e+00
5.583725525839021e-03	3.662952e+00
5.587258790604120e-03	3.271244e+00
5.593100587972213e-03	2.353532e+00
5.600287625741372e-03	9.502164e-01
5.607456714231383e-03	-5.699823e-01
5.613513115761021e-03	-1.868764e+00
5.620214580770119e-03	-3.184283e+00
5.624149359814691e-03	-3.728250e+00
5.626183578378618e-03	-3.872896e+00
5.627860060631844e-03	-3.916975e+00
5.629551603209426e-03	-3.902384e+00
5.631949817065773e-03	-3.795514e+00
5.634638470814637e-03	-3.572265e+00
5.639254248329057e-03	-2.984557e+00
5.645331541658579e-03	-1.931179e+00
5.652022190625492e-03	-5.760762e-01
5.658703711380058e-03	8.477954e-01
5.664875900392166e-03	2.159159e+00
5.671165138458582e-03	3.336638e+00
5.675051405507922e-03	3.801835e+00
5.676583704484972e-03	3.887259e+00
5.678560881957125e-03	3.918027e+00
5.680475636993510e-03	3.874135e+00
5.683100136388568e-03	3.715569e+00
5.686286457600685e-03	3.393584e+00
5.691651590723484e-03	2.605932e+00
5.699229980181421e-03	1.170791e+00
5.707210343808274e-03	-5.132123e-01
5.713366888897169e-03	-1.834306e+00
5.720115589382744e-03	-3.165220e+00
5.724086901257495e-03	-3.721177e+00
5.726160303437081e-03	-3.871393e+00
5.728021784183064e-03	-3.917947e+00
5.729849824753341e-03	-3.894347e+00
5.732416220240961e-03	-3.764230e+00
5.735234384517202e-03	-3.509784e+00
5.740126971416275e-03	-2.849574e+00
5.746682605040750e-03	-1.670073e+00
5.753630297145187e-03	-2.378755e-01
5.760148723049736e-03	1.156219e+00
5.767098487649281e-03	2.607865e+00
5.771852009945453e-03	3.448385e+00
5.775317078644492e-03	3.824782e+00
5.777016291853575e-03	3.903372e+00
5.779315782221744e-03	3.909867e+00
5.781892164586995e-03	3.802326e+00
5.784655407109752e-03	3.574699e+00
5.788839488967090e-03	3.051473e+00
5.795131889056642e-03	1.978324e+00
5.801854755599294e-03	6.210550e-01
5.808577688613138e-03	-8.133146e-01
5.814726323089808e-03	-2.126356e+00
5.821327993952913e-03	-3.361939e+00
5.825114768718783e-03	-3.807927e+00
5.826686879406573e-03	-3.891421e+00
5.828665054186663e-03	-3.916538e+00
5.830572035821457e-03	-3.868258e+00
5.833116425130108e-03	-3.710969e+00
5.836340074590483e-03	-3.382478e+00
5.841753789837954e-03	-2.581773e+00
5.849421010531981e-03	-1.123094e+00
5.857374970413920e-03	5.558506e-01
5.863543548386162e-03	1.874053e+00
5.870285742693963e-03	3.189712e+00
5.874247539327868e-03	3.732561e+00
5.876220148198877e-03	3.872094e+00
5.878031630637655e-03	3.917778e+00
5.879805094681807e-03	3.896833e+00
5.882252399413099e-03	3.778214e+00
5.885058411994867e-03	3.532728e+00
5.889833093964143e-03	2.901771e+00
5.896236240627972e-03	1.765497e+00
5.903076896779780e-03	3.634787e-01
5.910409845787424e-03	-1.206135e+00
5.917023102256004e-03	-2.595234e+00
5.921663675861935e-03	-3.427188e+00
5.924876873780034e-03	-3.797178e+00
5.926454235493974e-03	-3.886940e+00
5.928866687703156e-03	-3.916634e+00
5.931163124237243e-03	-3.841653e+00
5.933904733917834e-03	-3.643412e+00
5.937491660334863e-03	-3.235317e+00
5.943481455909058e-03	-2.277634e+00
5.950488061433262e-03	-8.987871e-01
5.957585921426238e-03	6.059000e-01
5.963614822085855e-03	1.893405e+00
5.970300594013275e-03	3.195289e+00
5.974241257396774e-03	3.733450e+00
5.976217808874066e-03	3.872735e+00
5.977863858952650e-03	3.916829e+00
5.979564564508918e-03	3.903204e+00
5.982131912865540e-03	3.786450e+00
5.984841250335176e-03	3.555474e+00
5.989572613753115e-03	2.942094e+00
5.995699748446616e-03	1.868614e+00
6.002422422630781e-03	5.008897e-01
6.009033551888523e-03	-9.120360e-01
6.015292946155754e-03	-2.244864e+00
6.020766189599460e-03	-3.285391e+00
6.024895107040184e-03	-3.795324e+00
6.026461012753459e-03	-3.885370e+00
6.028340795993720e-03	-3.919003e+00
6.030165624233283e-03	-3.884343e+00
6.032723668449994e-03	-3.741822e+00
6.035748981247304e-03	-3.452379e+00
6.040970369536989e-03	-2.713410e+00
6.048001483481412e-03	-1.409023e+00
6.055221381337187e-03	9.886778e-02
6.061517950036887e-03	1.447340e+00
6.068272512717932e-03	2.834235e+00
6.072520188583533e-03	3.541674e+00
6.075572003289282e-03	3.841619e+00
6.077431326188548e-03	3.912910e+00
6.079336177295091e-03	3.909240e+00
6.082145789528783e-03	3.786132e+00
6.084840545903275e-03	3.555758e+00
6.089602180026279e-03	2.937655e+00
6.095599940968935e-03	1.887369e+00
6.102295250804433e-03	5.273291e-01
6.108897622966481e-03	-8.831321e-01
6.115143544678263e-03	-2.214119e+00
6.120737470514820e-03	-3.280059e+00
6.124883793681717e-03	-3.794124e+00
6.126456807616132e-03	-3.885030e+00
6.128321745030795e-03	-3.918938e+00
6.130131326728464e-03	-3.885489e+00
6.132712892806386e-03	-3.742636e+00
6.135733025650145e-03	-3.454210e+00
6.140897553842813e-03	-2.725293e+00
6.147955425573398e-03	-1.418445e+00
6.155176968250118e-03	8.927873e-02
6.161483996558972e-03	1.439995e+00
6.168252796090365e-03	2.830374e+00
6.172511906127024e-03	3.540473e+00
6.175568861601708e-03	3.841387e+00
6.177426211788207e-03	3.912799e+00
6.179334581785015e-03	3.909265e+00
6.182131035396448e-03	3.787093e+00
6.184773297610920e-03	3.562646e+00
6.189510062938501e-03	2.951764e+00
6.195488476280446e-03	1.908769e+00
6.202164677716056e-03	5.547790e-01
6.208790010035548e-03	-8.600097e-01
6.215011591079393e-03	-2.186700e+00
6.220716433704376e-03	-3.275866e+00
6.224875501150356e-03	-3.793129e+00
6.226453725286861e-03	-3.884717e+00
6.228324294365276e-03	-3.918849e+00
6.230140370887667e-03	-3.885137e+00
6.232670904903466e-03	-3.745723e+00
6.235678651455667e-03	-3.460407e+00
6.240840084874614e-03	-2.734773e+00
6.247823352556933e-03	-1.444677e+00
6.255008697917837e-03	5.369893e-02
6.261331649024103e-03	1.407759e+00
6.268114530881712e-03	2.804346e+00
6.272408278318185e-03	3.526901e+00
6.275529517581647e-03	3.839091e+00
6.277362161913562e-03	3.911664e+00
6.279316786117500e-03	3.909672e+00
6.282025295368442e-03	3.793932e+00
6.284711973980725e-03	3.568921e+00
6.289319141316376e-03	2.980599e+00
6.295318313420029e-03	1.941481e+00
6.301981264376112e-03	5.934378e-01
6.308635785490796e-03	-8.267552e-01
6.314827922756196e-03	-2.148339e+00
6.320692583009988e-03	-3.270756e+00
6.324866093789385e-03	-3.791866e+00
6.326450228550259e-03	-3.884288e+00
6.328316707457891e-03	-3.918718e+00
6.330128361320657e-03	-3.885485e+00
6.332698192488575e-03	-3.743692e+00
6.335705958819497e-03	-3.457287e+00
6.340840000721612e-03	-2.734701e+00
6.347871947347266e-03	-1.435130e+00
6.355077218196606e-03	6.811137e-02
6.361396191974173e-03	1.421356e+00
6.368178039696220e-03	2.816257e+00
6.372460016769140e-03	3.533645e+00
6.375549169365796e-03	3.840221e+00
6.377394154187811e-03	3.912231e+00
6.379324469947744e-03	3.909487e+00
6.382104339819037e-03	3.788844e+00
6.384747317458603e-03	3.565305e+00
6.389440939338535e-03	2.962247e+00
6.395422315370828e-03	1.921485e+00
6.402092089439605e-03	5.700682e-01
6.408729591139885e-03	-8.469944e-01
6.414938556610075e-03	-2.171471e+00
6.420707771915571e-03	-3.273972e+00
6.424872085398096e-03	-3.792655e+00
6.426452455647561e-03	-3.884552e+00
6.428312743133728e-03	-3.918801e+00
6.430118497550642e-03	-3.885859e+00
6.432638969116562e-03	-3.748076e+00
6.435633898181957e-03	-3.465487e+00
6.440768955402932e-03	-2.746402e+00
6.447712787915007e-03	-1.466714e+00
6.454874393426521e-03	2.522623e-02
6.461235070942147e-03	1.387260e+00
6.468021534873611e-03	2.786727e+00
6.472342483816271e-03	3.518138e+00
6.475504502104752e-03	3.837589e+00
6.477321437042951e-03	3.910887e+00
6.479307887488951e-03	3.909878e+00
6.481942184970568e-03	3.799185e+00
6.484629474509689e-03	3.577259e+00
6.489132281443558e-03	3.008568e+00
6.495143357970375e-03	1.974968e+00
6.501788707841104e-03	6.339471e-01
6.508479655500232e-03	-7.930964e-01
6.514639806401022e-03	-2.108951e+00
6.521232037220134e-03	-3.348078e+00
6.525077463874305e-03	-3.805477e+00
6.526626135669822e-03	-3.889452e+00
6.528674926972333e-03	-3.916600e+00
6.530659736224300e-03	-3.864626e+00
6.533275256461715e-03	-3.698040e+00
6.536549072006527e-03	-3.356836e+00
6.542016646167178e-03	-2.536597e+00
6.549954087595302e-03	-1.014700e+00
6.557720599953593e-03	6.293377e-01
6.563962894451057e-03	1.961721e+00
6.570685798118136e-03	3.254354e+00
6.574863416548434e-03	3.784093e+00
6.576449233408672e-03	3.880280e+00
6.578485280945535e-03	3.917650e+00
6.580474365335693e-03	3.873926e+00
6.583092982428419e-03	3.716044e+00
6.586221437148774e-03	3.401327e+00
6.591488060989841e-03	2.633381e+00
6.598986002981162e-03	1.220262e+00
6.607027314577463e-03	-4.740109e-01
6.613197578194935e-03	-1.798427e+00
6.619942552633330e-03	-3.136048e+00
6.624567030990144e-03	-3.761771e+00
6.626339039888385e-03	-3.877007e+00
6.628418181803380e-03	-3.917510e+00
6.630465719851994e-03	-3.872582e+00
6.633077823174522e-03	-3.714124e+00
6.636179960062526e-03	-3.401741e+00
6.641416186139025e-03	-2.638716e+00
6.648926717595580e-03	-1.223539e+00
6.657015498176851e-03	4.789564e-01
6.663188213207993e-03	1.799124e+00
6.669937476220646e-03	3.131412e+00
6.674564984334841e-03	3.758175e+00
6.676338278706464e-03	3.875362e+00
6.678678153471289e-03	3.916954e+00
6.680816592619159e-03	3.859613e+00
6.683561126734919e-03	3.677209e+00
6.686786499172225e-03	3.331791e+00
6.692439600477648e-03	2.470400e+00
6.700433076767565e-03	9.246649e-01
6.708111767680119e-03	-7.062082e-01
6.714401243119504e-03	-2.052055e+00
6.721090802388531e-03	-3.321869e+00
6.725022400681504e-03	-3.799569e+00
6.726536475440147e-03	-3.885132e+00
6.729000372565071e-03	-3.913152e+00
6.731489243972969e-03	-3.823472e+00
6.734297002256845e-03	-3.606275e+00
6.737946605619299e-03	-3.173105e+00
6.743997638217317e-03	-2.182811e+00
6.750839952359235e-03	-8.246987e-01
6.757801920311473e-03	6.531547e-01
6.763841270575857e-03	1.941873e+00
6.770497574937016e-03	3.228173e+00
6.774788949176038e-03	3.779542e+00
6.776421552433272e-03	3.880025e+00
6.778813553024490e-03	3.916292e+00
6.781247233024660e-03	3.838986e+00
6.784083848900805e-03	3.630297e+00
6.787605647450503e-03	3.224954e+00
6.793503812908310e-03	2.280619e+00
6.800494341260182e-03	9.062573e-01
6.807549540662757e-03	-5.910060e-01
6.813595813387095e-03	-1.887220e+00
6.820276530731731e-03	-3.195308e+00
6.824700997075058e-03	-3.774989e+00
6.826388855102400e-03	-3.879972e+00
6.828760391381979e-03	-3.916119e+00
6.831266216300215e-03	-3.835819e+00
6.834093314855770e-03	-3.625790e+00
6.837632305434034e-03	-3.216216e+00
6.843490914605184e-03	-2.275303e+00
6.850440191481966e-03	-9.081886e-01
6.857506404633868e-03	5.893540e-01
6.863535173050543e-03	1.877029e+00
6.870219547425539e-03	3.182182e+00
6.874678233348260e-03	3.769812e+00
6.876380391525940e-03	3.878096e+00
6.878746630095544e-03	3.916796e+00
6.881264809334155e-03	3.838112e+00
6.884146387346392e-03	3.624469e+00
6.887676802381477e-03	3.215331e+00
6.893556308161231e-03	2.270947e+00
6.900501298258420e-03	9.045423e-01
6.907537438745998e-03	-5.886577e-01
6.913579969169939e-03	-1.884083e+00
6.920257694830676e-03	-3.192353e+00
6.924693476666950e-03	-3.774400e+00
6.926386059051065e-03	-3.879885e+00
6.928755845191207e-03	-3.916168e+00
6.931363812089302e-03	-3.830653e+00
6.934256971547027e-03	-3.610279e+00
6.937852833502677e-03	-3.186082e+00
6.943784655010860e-03	-2.221685e+00
6.950616777769216e-03	-8.709795e-01
6.957613806924266e-03	6.129141e-01
6.963638093499870e-03	1.899190e+00
6.970306236136653e-03	3.196919e+00
6.974712848915712e-03	3.773013e+00
6.976393261474665e-03	3.878773e+00
6.978767555791287e-03	3.916672e+00
6.981390180099643e-03	3.831512e+00
6.984347716280166e-03	3.605286e+00
6.987950764906932e-03	3.177812e+00
6.993942573854824e-03	2.200410e+00
7.000811035898421e-03	8.397982e-01
7.007755283631268e-03	-6.358933e-01
7.013810619783962e-03	-1.933246e+00
7.020467469285309e-03	-3.227158e+00
7.024777002571857e-03	-3.781665e+00
7.026417111403850e-03	-3.881315e+00
7.028806332702509e-03	-3.915746e+00
7.031534012939343e-03	-3.821250e+00
7.034515579391075e-03	-3.585036e+00
7.038210709580374e-03	-3.136139e+00
7.044300114067486e-03	-2.126605e+00
7.051134449224937e-03	-7.631322e-01
7.058010727204586e-03	6.981655e-01
7.064080300397380e-03	1.992248e+00
7.070720854241972e-03	3.264148e+00
7.074877244073389e-03	3.786904e+00
7.076454373132094e-03	3.881457e+00
7.078866911461067e-03	3.915790e+00
7.081631838434695e-03	3.818026e+00
7.084688122286936e-03	3.571615e+00
7.088431605744226e-03	3.110153e+00
7.094640301884174e-03	2.071078e+00
7.101508598702690e-03	6.941651e-01
7.108299387034203e-03	-7.530075e-01
7.114421206682902e-03	-2.061991e+00
7.121047029681790e-03	-3.319049e+00
7.125005296472652e-03	-3.799827e+00
7.126508624344505e-03	-3.884962e+00
7.128955102125741e-03	-3.914060e+00
7.131873818393825e-03	-3.801058e+00
7.134971528082706e-03	-3.538395e+00
7.138868282491483e-03	-3.041137e+00
7.145241479139632e-03	-1.949553e+00
7.152057055115883e-03	-5.698932e-01
7.158747000738395e-03	8.561311e-01
7.164918307938140e-03	2.167150e+00
7.171525444403530e-03	3.386677e+00
7.175191271869446e-03	3.810387e+00
7.176811448636490e-03	3.894278e+00
7.179447159626741e-03	3.906528e+00
7.182618114673102e-03	3.753474e+00
7.185841182059038e-03	3.446571e+00
7.190205936496228e-03	2.842072e+00
7.197167860959273e-03	1.584155e+00
7.204347278260678e-03	9.588858e-02
7.210779222468621e-03	-1.284567e+00
7.217665149376137e-03	-2.720033e+00
7.223612355067202e-03	-3.660547e+00
7.225983133865581e-03	-3.858035e+00
7.228100462316840e-03	-3.916513e+00
7.231124336134343e-03	-3.843497e+00
7.233946777196322e-03	-3.639577e+00
7.237471064389170e-03	-3.237996e+00
7.242722633506873e-03	-2.411756e+00
7.249692214448401e-03	-1.062501e+00
7.256888496468060e-03	4.569384e-01
7.262908075328825e-03	1.744509e+00
7.269629434601567e-03	3.081720e+00
7.274440184409714e-03	3.747677e+00
7.276291854392420e-03	3.873739e+00
7.278602659429179e-03	3.917588e+00
7.281708311761325e-03	3.813865e+00
7.284623263016226e-03	3.578189e+00
7.288448062583361e-03	3.107886e+00
7.294308539796198e-03	2.131847e+00
7.301040340961532e-03	7.908911e-01
7.307878446430686e-03	-6.633902e-01
7.313947295325896e-03	-1.963016e+00
7.320575567952694e-03	-3.245390e+00
7.324819852276672e-03	-3.785523e+00
7.326433040012533e-03	-3.882126e+00
7.328832229457356e-03	-3.915567e+00
7.331953148229497e-03	-3.796298e+00
7.334901613738538e-03	-3.545720e+00
7.338892522711503e-03	-3.037666e+00
7.345049162947960e-03	-1.985359e+00
7.351787933746662e-03	-6.256601e-01
7.358505235307307e-03	8.048823e-01
7.364637668612759e-03	2.109353e+00
7.371239864091367e-03	3.344853e+00
7.375080509870963e-03	3.802755e+00
7.376631095499053e-03	3.888286e+00
7.379154149951512e-03	3.912053e+00
7.382123835925206e-03	3.787642e+00
7.385134059330661e-03	3.525130e+00
7.389184658618093e-03	2.999824e+00
7.395706483718745e-03	1.868920e+00
7.402569664171341e-03	4.712825e-01
7.409182506472190e-03	-9.428154e-01
7.415439849209150e-03	-2.274283e+00
7.422041292430095e-03	-3.463284e+00
7.425389614052637e-03	-3.825593e+00
7.427134391331718e-03	-3.903824e+00
7.429487346222630e-03	-3.903919e+00
7.432625728096489e-03	-3.749743e+00
7.435574812681863e-03	-3.472377e+00
7.440164718606257e-03	-2.842850e+00
7.446761988618216e-03	-1.654353e+00
7.453785719259914e-03	-2.050470e-01
7.460273023477136e-03	1.182712e+00
7.467217602948591e-03	2.631247e+00
7.472102229888638e-03	3.482262e+00
7.475412909621374e-03	3.830532e+00
7.477172319284928e-03	3.907004e+00
7.479329417247280e-03	3.909328e+00
7.482186641008740e-03	3.783445e+00
7.485189569976948e-03	3.519142e+00
7.489599784797717e-03	2.937230e+00
7.496160774523340e-03	1.780875e+00
7.503063946927928e-03	3.668576e-01
7.509617716559062e-03	-1.036374e+00
7.515978694334644e-03	-2.385050e+00
7.520978561451972e-03	-3.322021e+00
7.524575254957423e-03	-3.772689e+00
7.526342098460499e-03	-3.882505e+00
7.528346199337104e-03	-3.919957e+00
7.530296081142266e-03	-3.880102e+00
7.533161202954007e-03	-3.707930e+00
7.536415470500832e-03	-3.373472e+00
7.542017735328938e-03	-2.536932e+00
7.549512053096227e-03	-1.103398e+00
7.557569828562312e-03	5.981250e-01
7.563723533579662e-03	1.912427e+00
7.570435803927104e-03	3.214820e+00
7.574764426192033e-03	3.776130e+00
7.576412436176318e-03	3.878880e+00
7.578183057210200e-03	3.917548e+00
7.579903936655039e-03	3.893506e+00
7.582615503177803e-03	3.752687e+00
7.585605626183673e-03	3.472969e+00
7.590671024671362e-03	2.768681e+00
7.597304246048622e-03	1.555575e+00
7.604347753476777e-03	9.434971e-02
7.611443708954901e-03	-1.427508e+00
7.617878009333092e-03	-2.763483e+00
7.622189907729136e-03	-3.503466e+00
7.625446381247348e-03	-3.837020e+00
7.627226814087206e-03	-3.909894e+00
7.629242612915278e-03	-3.910330e+00
7.631938093180541e-03	-3.796977e+00
7.634900001127729e-03	-3.545798e+00
7.639285495683033e-03	-2.979393e+00
7.645662658661779e-03	-1.868586e+00
7.652477990880203e-03	-4.811046e-01
7.659112589165414e-03	9.346462e-01
7.665358690578382e-03	2.258301e+00
7.670836663410602e-03	3.291971e+00
7.674922832750804e-03	3.794369e+00
7.676471318173468e-03	3.884297e+00
7.678326873412333e-03	3.919228e+00
7.680126622594729e-03	3.887195e+00
7.682981841919424e-03	3.725274e+00
7.686076822100703e-03	3.418683e+00
7.691487672522331e-03	2.633968e+00
7.698584441382142e-03	1.300048e+00
7.705906235858636e-03	-2.366934e-01
7.712121324738344e-03	-1.571733e+00
7.718834111584162e-03	-2.941588e+00
7.722929158986568e-03	-3.597546e+00
7.725726638502019e-03	-3.852350e+00
7.727451073450374e-03	-3.913387e+00
7.729267478951347e-03	-3.909396e+00
7.732272661911493e-03	-3.775000e+00
7.735211308364887e-03	-3.512650e+00
7.739976737355310e-03	-2.873138e+00
7.746294234681378e-03	-1.745337e+00
7.753173015329077e-03	-3.339881e-01
7.759708120469500e-03	1.062558e+00
7.766727275619193e-03	2.534528e+00
7.771557778135962e-03	3.405647e+00
7.775203767475137e-03	3.816952e+00
7.776831794857967e-03	3.898005e+00
7.778959852933027e-03	3.915519e+00
7.781005023989116e-03	3.851275e+00
7.783991970411226e-03	3.639034e+00
7.787453965837041e-03	3.245325e+00
7.793839553515009e-03	2.221360e+00
7.801198954373163e-03	7.619780e-01
7.808226398316352e-03	-7.344797e-01
7.814351990822883e-03	-2.045029e+00
7.821017202201333e-03	-3.312703e+00
7.824993630728225e-03	-3.798269e+00
7.826497632659602e-03	-3.884138e+00
7.828537941258306e-03	-3.917269e+00
7.830524979827762e-03	-3.870227e+00
7.833324746342196e-03	-3.694053e+00
7.836492261124135e-03	-3.363806e+00
7.842119736680853e-03	-2.519253e+00
7.849603689920440e-03	-1.084418e+00
7.857658038492721e-03	6.171649e-01
7.863819926576121e-03	1.932822e+00
7.870522347288824e-03	3.229018e+00
7.874798771912658e-03	3.779097e+00
7.876425203880226e-03	3.879470e+00
7.878498623238658e-03	3.917726e+00
7.880531182581085e-03	3.871731e+00
7.883262627459201e-03	3.702391e+00
7.886371773214832e-03	3.383157e+00
7.891877912662248e-03	2.567628e+00
7.899285488960210e-03	1.158411e+00
7.907370958465635e-03	-5.482317e-01
7.913508194932639e-03	-1.864743e+00
7.920230265461011e-03	-3.184879e+00
7.924682517878515e-03	-3.772285e+00
7.926381984549296e-03	-3.879070e+00
7.928749220278261e-03	-3.915992e+00
7.930932644374973e-03	-3.852321e+00
7.933630432244649e-03	-3.667757e+00
7.936918121963394e-03	-3.310259e+00
7.942685038127766e-03	-2.420264e+00
7.950851533099018e-03	-8.294933e-01
7.958444535176436e-03	7.841048e-01
7.964768716300892e-03	2.129768e+00
7.971449572859416e-03	3.371407e+00
7.975161915518182e-03	3.806682e+00
7.976763648283770e-03	3.891812e+00
7.979369514672112e-03	3.907831e+00
7.981968088520483e-03	3.797237e+00
7.984785796142166e-03	3.561333e+00
7.988715446953315e-03	3.069211e+00
7.995148727319615e-03	1.975710e+00
8.001987747304148e-03	5.938578e-01
8.008711473121924e-03	-8.414614e-01
8.014880190964744e-03	-2.157958e+00
8.020554792867483e-03	-3.249181e+00
8.024811627069714e-03	-3.787633e+00
8.026429982509117e-03	-3.883560e+00
8.028827258633459e-03	-3.916173e+00
8.031331873084706e-03	-3.832536e+00
8.034048955115426e-03	-3.629952e+00
8.037694080652281e-03	-3.207937e+00
8.043578350583671e-03	-2.259440e+00
8.050404815776964e-03	-9.150364e-01
8.057470584001849e-03	5.820667e-01
8.063473610427392e-03	1.864411e+00
8.070151878693799e-03	3.171213e+00
8.074651151703000e-03	3.767518e+00
8.076370322001985e-03	3.877690e+00
8.078730257312275e-03	3.916936e+00
8.081164943061672e-03	3.843211e+00
8.083785889429781e-03	3.657420e+00
8.087303974021588e-03	3.265233e+00
8.092892867095618e-03	2.389771e+00
8.099955853438201e-03	1.017979e+00
8.107151026142283e-03	-5.049629e-01
8.113184421481460e-03	-1.799573e+00
8.119898183298222e-03	-3.131250e+00
8.124549131836554e-03	-3.761224e+00
8.126332382768992e-03	-3.877276e+00
8.128668566038296e-03	-3.916747e+00
8.131146159208633e-03	-3.842019e+00
8.133679747603180e-03	-3.663366e+00
8.137210059650830e-03	-3.272615e+00
8.142654827925708e-03	-2.424455e+00
8.149706820990595e-03	-1.060254e+00
8.156966498778048e-03	4.729685e-01
8.163012963250454e-03	1.766068e+00
8.169730440365258e-03	3.098824e+00
8.174481239185372e-03	3.751447e+00
8.176307128506127e-03	3.874447e+00
8.178627498579097e-03	3.917435e+00
8.181089786955521e-03	3.846953e+00
8.183600598085768e-03	3.673700e+00
8.187108770997537e-03	3.290782e+00
8.192449452531309e-03	2.467560e+00
8.199534665604269e-03	1.104854e+00
8.207622123481183e-03	-6.040987e-01
8.213793968770379e-03	-1.926847e+00
8.220445818927660e-03	-3.221928e+00
8.224768405009278e-03	-3.780268e+00
8.226413915298207e-03	-3.880806e+00
8.228801136361761e-03	-3.915659e+00
8.231420962107203e-03	-3.827484e+00
8.233885306037204e-03	-3.644866e+00
8.237644183576510e-03	-3.214850e+00
8.243106623449506e-03	-2.343632e+00
8.249870648420018e-03	-1.024882e+00
8.257017141087401e-03	4.852875e-01
8.263017126922510e-03	1.768270e+00
8.269712832041818e-03	3.096803e+00
8.274474091602034e-03	3.751177e+00
8.276304469463416e-03	3.874532e+00
8.278623174430679e-03	3.917536e+00
8.281157124080047e-03	3.843660e+00
8.283558027933310e-03	3.677360e+00
8.287171795400535e-03	3.282706e+00
8.292369807786139e-03	2.481111e+00
8.299241772057868e-03	1.163833e+00
8.306566146933534e-03	-3.798810e-01
8.312637224551634e-03	-1.683469e+00
8.319343868850108e-03	-3.034924e+00
8.324323384071571e-03	-3.739637e+00
8.326248386348710e-03	-3.873166e+00
8.328531966540424e-03	-3.917385e+00
8.331055900515255e-03	-3.846563e+00
8.333369478576068e-03	-3.690074e+00
8.336933956155240e-03	-3.308532e+00
8.341974902459699e-03	-2.542495e+00
8.348971003285721e-03	-1.211025e+00
8.357164341005252e-03	5.131192e-01
8.363285894642887e-03	1.821778e+00
8.369977916001957e-03	3.139986e+00
8.374581279622541e-03	3.760370e+00
8.376344339045803e-03	3.876030e+00
8.378688008119391e-03	3.917035e+00
8.380989229299314e-03	3.851734e+00
8.383305319677792e-03	3.698639e+00
8.386798317885363e-03	3.330559e+00
8.391936674517143e-03	2.556293e+00
8.399100256264710e-03	1.194515e+00
8.407182666722791e-03	-5.091003e-01
8.413323475182987e-03	-1.826683e+00
8.420025593722383e-03	-3.151438e+00
8.424600465727763e-03	-3.765329e+00
8.426351474149120e-03	-3.877870e+00
8.428699610272006e-03	-3.916427e+00
8.430940153701770e-03	-3.852014e+00
8.433225871549922e-03	-3.701950e+00
8.436679489808521e-03	-3.340712e+00
8.441820234520614e-03	-2.569482e+00
8.449099195725457e-03	-1.186514e+00
8.457178930083150e-03	5.153586e-01
8.463319523111379e-03	1.828095e+00
8.470038940708167e-03	3.149584e+00
8.474605831765529e-03	3.762332e+00
8.476353469654021e-03	3.876313e+00
8.478702855065252e-03	3.916887e+00
8.480975617382943e-03	3.852350e+00
8.483290719091830e-03	3.699833e+00
8.486769660346524e-03	3.334160e+00
8.491909549160867e-03	2.560972e+00
8.499099655048458e-03	1.194802e+00
8.507172355100566e-03	-5.067893e-01
8.513314682118253e-03	-1.824730e+00
8.520020563601472e-03	-3.150505e+00
8.524598442851309e-03	-3.765113e+00
8.526350721880930e-03	-3.877818e+00
8.528698387041914e-03	-3.916429e+00
8.530932585615549e-03	-3.852369e+00
8.533216313707041e-03	-3.702732e+00
8.536667102256663e-03	-3.342265e+00
8.541796555690484e-03	-2.573520e+00
8.549077301007681e-03	-1.191013e+00
8.557158070076256e-03	5.108653e-01
8.563297909156307e-03	1.823509e+00
8.570019779560319e-03	3.146323e+00
8.574598127519395e-03	3.761616e+00
8.576350604614794e-03	3.876171e+00
8.578698196360457e-03	3.916912e+00
8.580962987789246e-03	3.852945e+00
8.583274207382634e-03	3.701192e+00
8.586747812941420e-03	3.336910e+00
8.591871626867314e-03	2.567454e+00
8.599069528633849e-03	1.201019e+00
8.607141189193365e-03	-5.000458e-01
8.613282484096403e-03	-1.817851e+00
8.619992351569456e-03	-3.145670e+00
8.624587091601561e-03	-3.764059e+00
8.626346500496982e-03	-3.877609e+00
8.628691522800734e-03	-3.916470e+00
8.630917327021816e-03	-3.853086e+00
8.633195494101962e-03	-3.704433e+00
8.636639428587453e-03	-3.345726e+00
8.641748698049130e-03	-2.581680e+00
8.649040969207652e-03	-1.198529e+00
8.657119872855147e-03	5.026119e-01
8.663258744740386e-03	1.815173e+00
8.669985797544463e-03	3.140507e+00
8.674584453167402e-03	3.760331e+00
8.676345519278447e-03	3.875912e+00
8.678689927267908e-03	3.916955e+00
8.680945795546385e-03	3.853750e+00
8.683250760787704e-03	3.703115e+00
8.686716392186275e-03	3.340853e+00
8.691818339207652e-03	2.576548e+00
8.699030147682718e-03	1.209165e+00
8.707098793490979e-03	-4.908627e-01
8.713238871021808e-03	-1.808521e+00
8.719954460552733e-03	-3.139151e+00
8.724571830654504e-03	-3.762633e+00
8.726340824938218e-03	-3.877324e+00
8.728682293884326e-03	-3.916523e+00
8.730925680710841e-03	-3.852694e+00
8.733193003535639e-03	-3.704633e+00
8.736651423308157e-03	-3.344241e+00
8.741732379727106e-03	-2.584398e+00
8.748987457485438e-03	-1.209253e+00
8.757083680551015e-03	4.949509e-01
8.763217646278319e-03	1.806572e+00
8.769945052706774e-03	3.133656e+00
8.774568038826929e-03	3.758838e+00
8.776339414716406e-03	3.875631e+00
8.778680000733282e-03	3.917015e+00
8.781003932450666e-03	3.851017e+00
8.783335903177666e-03	3.696097e+00
8.786841896348393e-03	3.325051e+00
8.791962832495920e-03	2.551719e+00
8.799070663797119e-03	1.200238e+00
8.807177309676593e-03	-5.081224e-01
8.813315925535324e-03	-1.825229e+00
8.820013424785233e-03	-3.149511e+00
8.824595571429582e-03	-3.764938e+00
8.826349654048349e-03	-3.877815e+00
8.828696650683242e-03	-3.916457e+00
8.831060118246428e-03	-3.846248e+00
8.833429652084333e-03	-3.684956e+00
8.836958933200498e-03	-3.305269e+00
8.842174896659252e-03	-2.508235e+00
8.849242014040800e-03	-1.155954e+00
8.857394694764426e-03	5.624267e-01
8.863536905266969e-03	1.874688e+00
8.870214669892974e-03	3.179739e+00
8.874676283112554e-03	3.768974e+00
8.876379666407528e-03	3.877707e+00
8.878745451083478e-03	3.916665e+00
8.881474928648962e-03	3.826885e+00
8.883939414535561e-03	3.643479e+00
8.887773215584042e-03	3.202554e+00
8.893112104738128e-03	2.349570e+00
8.899832597767325e-03	1.041350e+00
8.906940309538765e-03	-4.615070e-01
8.912944105997647e-03	-1.750052e+00
8.919639552289667e-03	-3.087832e+00
8.924444302812208e-03	-3.751834e+00
8.926293386715169e-03	-3.875628e+00
8.928605151365024e-03	-3.917178e+00
8.931048534743488e-03	-3.846922e+00
8.933495739247319e-03	-3.679379e+00
8.937012884627362e-03	-3.298310e+00
8.942248379314640e-03	-2.495448e+00
8.949316647760304e-03	-1.140614e+00
8.957464004869327e-03	5.773504e-01
8.963614992930528e-03	1.891198e+00
8.970285087144900e-03	3.191484e+00
8.974704411948385e-03	3.771487e+00
8.976390124721864e-03	3.878204e+00
8.978762455688667e-03	3.916546e+00
8.981511366250982e-03	3.824865e+00
8.984072365653665e-03	3.631238e+00
8.987893996587065e-03	3.185929e+00
8.993362576857527e-03	2.304693e+00
9.000071409295459e-03	9.920138e-01
9.007121688506469e-03	-5.005957e-01
9.013132337467825e-03	-1.790203e+00
9.019813194684529e-03	-3.118038e+00
9.024514777795391e-03	-3.758572e+00
9.026319604671082e-03	-3.876949e+00
9.028647787073765e-03	-3.916973e+00
9.031398884758022e-03	-3.828863e+00
9.033944402825969e-03	-3.639543e+00
9.037702507343681e-03	-3.206926e+00
9.043094261484981e-03	-2.345612e+00
9.049853232133708e-03	-1.028347e+00
9.056981146634622e-03	4.777173e-01
9.062979724068039e-03	1.760469e+00
9.069680588323943e-03	3.091276e+00
9.074460992851965e-03	3.749939e+00
9.076299596295093e-03	3.874300e+00
9.078615249600942e-03	3.917570e+00
9.081322046444143e-03	3.835237e+00
9.083915873505131e-03	3.645711e+00
9.087602996199248e-03	3.225520e+00
9.092987935877745e-03	2.372018e+00
9.099748131591236e-03	1.059089e+00
9.106896227106566e-03	-4.517011e-01
9.112909895072822e-03	-1.742463e+00
9.119608349461133e-03	-3.082172e+00
9.124431597406005e-03	-3.750524e+00
9.126288659373509e-03	-3.875347e+00
9.128597463513903e-03	-3.917194e+00
9.131317823927725e-03	-3.833228e+00
9.133910757545076e-03	-3.642646e+00
9.137587896908909e-03	-3.222406e+00
9.142988485852190e-03	-2.364675e+00
9.149771818011437e-03	-1.045334e+00
9.156931842192533e-03	4.669360e-01
9.162943359397786e-03	1.752565e+00
9.169643829836682e-03	3.084778e+00
9.174446043584862e-03	3.748446e+00
9.176294034392648e-03	3.873992e+00
9.178606204646562e-03	3.917595e+00
9.181297228756873e-03	3.836535e+00
9.183950809238490e-03	3.642544e+00
9.187596793354600e-03	3.226306e+00
9.193044555473720e-03	2.362060e+00
9.199811342592918e-03	1.046146e+00
9.206950187566067e-03	-4.632416e-01
9.212962570932941e-03	-1.753636e+00
9.219659305318192e-03	-3.091032e+00
9.224452339430906e-03	-3.752509e+00
9.226296376810744e-03	-3.875728e+00
9.228610013978424e-03	-3.917137e+00
9.231324828602529e-03	-3.832849e+00
9.233983946766550e-03	-3.635938e+00
9.237641755186255e-03	-3.215077e+00
9.243132594901490e-03	-2.339012e+00
9.249911880635014e-03	-1.016453e+00
9.257040401212334e-03	4.902487e-01
9.263043001411897e-03	1.773720e+00
9.269740954595981e-03	3.101620e+00
9.274485505231295e-03	3.752253e+00
9.276308715528410e-03	3.874740e+00
9.278630079391680e-03	3.917502e+00
9.281323910498485e-03	3.835128e+00
9.284047447513540e-03	3.633662e+00
9.287688157073926e-03	3.213919e+00
9.293242500933456e-03	2.326740e+00
9.300000270178648e-03	1.007151e+00
9.307093434192839e-03	-4.941009e-01
9.313093520982417e-03	-1.781591e+00
9.319787493575517e-03	-3.113289e+00
9.324504370997706e-03	-3.757468e+00
9.326315733552991e-03	-3.876693e+00
9.328641491991708e-03	-3.916982e+00
9.331370653895974e-03	-3.830383e+00
9.334103885515579e-03	-3.624780e+00
9.337769880277224e-03	-3.197587e+00
9.343380481767499e-03	-2.294484e+00
9.350142676547451e-03	-9.686959e-01
9.357213854589694e-03	5.275673e-01
9.363212673367526e-03	1.809748e+00
9.369901069128916e-03	3.129183e+00
9.374550296759697e-03	3.758412e+00
9.376332816042261e-03	3.875960e+00
9.378669270591477e-03	3.917323e+00
9.381385740056165e-03	3.831831e+00
9.384185744702253e-03	3.620727e+00
9.387845914187476e-03	3.192363e+00
9.393531379732721e-03	2.274719e+00
9.400278854174882e-03	9.495068e-01
9.407303665521099e-03	-5.393951e-01
9.413316318293515e-03	-1.829033e+00
9.419993012888758e-03	-3.148576e+00
9.424587357797727e-03	-3.765199e+00
9.426346599493412e-03	-3.878206e+00
9.428691683775961e-03	-3.916692e+00
9.431459955740552e-03	-3.825487e+00
9.434274954082736e-03	-3.608528e+00
9.437979800090644e-03	-3.168602e+00
9.443738966018977e-03	-2.229404e+00
9.450471620547133e-03	-9.004214e-01
9.457460201063143e-03	5.805820e-01
9.463473420589478e-03	1.864991e+00
9.470140636434464e-03	3.169817e+00
9.474646647215609e-03	3.767306e+00
9.476368647078830e-03	3.877723e+00
9.478727533897460e-03	3.916990e+00
9.481491879439332e-03	3.826033e+00
9.484375262189034e-03	3.602583e+00
9.488085561497543e-03	3.159159e+00
9.493930258316434e-03	2.202063e+00
9.500707457560612e-03	8.606799e-01
9.507637587244912e-03	-6.111761e-01
9.513684230465898e-03	-1.907014e+00
9.520338074427179e-03	-3.206343e+00
9.524725540492983e-03	-3.777446e+00
9.526397979940114e-03	-3.880568e+00
9.528775227564871e-03	-3.916057e+00
9.531619999825828e-03	-3.816392e+00
9.534527270670111e-03	-3.583843e+00
9.538318208749945e-03	-3.120974e+00
9.544271233450899e-03	-2.131418e+00
9.551025035062451e-03	-7.853702e-01
9.557893226779256e-03	6.734830e-01
9.563952853811737e-03	1.965937e+00
9.570591213356797e-03	3.243780e+00
9.574826043468439e-03	3.782838e+00
9.576435341404513e-03	3.880736e+00
9.578835970989508e-03	3.916121e+00
9.581695151735344e-03	3.814415e+00
9.584674216752770e-03	3.572985e+00
9.588497517576882e-03	3.100783e+00
9.594563929984843e-03	2.084812e+00
9.601357616517836e-03	7.251818e-01
9.608151150026750e-03	-7.216315e-01
9.614257346854210e-03	-2.027975e+00
9.620882154004078e-03	-3.293801e+00
9.624940702615626e-03	-3.795035e+00
9.626477960174852e-03	-3.883881e+00
9.628905255837593e-03	-3.914712e+00
9.631882631479608e-03	-3.800590e+00
9.634896321941245e-03	-3.546244e+00
9.638839038995071e-03	-3.045528e+00
9.645045652721762e-03	-1.986221e+00
9.651803807602576e-03	-6.225498e-01
9.658517987452753e-03	8.074756e-01
9.664657735917790e-03	2.113367e+00
9.671266444432232e-03	3.348703e+00
9.675090849968399e-03	3.803425e+00
9.676647932377058e-03	3.888877e+00
9.679181509670275e-03	3.911576e+00
9.682279281121559e-03	3.777389e+00
9.685385688973673e-03	3.497895e+00
9.689566751072224e-03	2.941907e+00
9.696108998986201e-03	1.790745e+00
9.703047617675747e-03	3.703188e-01
9.709581610003128e-03	-1.028659e+00
9.715941851213484e-03	-2.377514e+00
9.722557460901360e-03	-3.530893e+00
9.725586136181722e-03	-3.836458e+00
9.727454333161923e-03	-3.909790e+00
9.730104558658328e-03	-3.886418e+00
9.733158046813397e-03	-3.708268e+00
9.736369387513545e-03	-3.379080e+00
9.741199901677988e-03	-2.674044e+00
9.748689822266628e-03	-1.271527e+00
9.756754629861392e-03	4.232585e-01
9.762921587622327e-03	1.742891e+00
9.769690428277607e-03	3.089019e+00
9.774464991677560e-03	3.748735e+00
9.776301084014555e-03	3.873504e+00
9.778617668963919e-03	3.917261e+00
9.781459713548381e-03	3.827759e+00
9.784315101507795e-03	3.608415e+00
9.787949521174866e-03	3.177984e+00
9.793752904493053e-03	2.234615e+00
9.800547140700199e-03	8.940778e-01
9.807529900768198e-03	-5.878480e-01
9.813556403066146e-03	-1.879839e+00
9.820217126582763e-03	-3.186196e+00
9.824677265431703e-03	-3.773234e+00
9.826380031644632e-03	-3.879720e+00
9.828746044943886e-03	-3.916313e+00
9.831584360125128e-03	-3.818439e+00
9.834432099605713e-03	-3.593261e+00
9.838175159580327e-03	-3.141201e+00
9.844137743510440e-03	-2.156406e+00
9.850915140955924e-03	-8.084660e-01
9.857830991367241e-03	6.598846e-01
9.863872523719244e-03	1.948899e+00
9.870514857380962e-03	3.231339e+00
9.874795802724346e-03	3.780284e+00
9.876424100136628e-03	3.880201e+00
9.878817695104541e-03	3.916302e+00
9.881791834143044e-03	3.808714e+00
9.884635262363318e-03	3.576877e+00
9.888540348420795e-03	3.094686e+00
9.894514105113529e-03	2.093819e+00
9.901247118138300e-03	7.478607e-01
9.908054839633446e-03	-7.012262e-01
9.914141944204761e-03	-2.003987e+00
9.920761886601846e-03	-3.275125e+00
9.924893412499506e-03	-3.791447e+00
9.926460382900591e-03	-3.883234e+00
9.928876681458388e-03	-3.915084e+00
9.931635964318243e-03	-3.815354e+00
9.934451738724958e-03	-3.591269e+00
9.938235858868213e-03	-3.132649e+00
9.944275416429652e-03	-2.131042e+00
9.951057857673503e-03	-7.788186e-01
9.957950572273626e-03	6.854643e-01
9.964004504224362e-03	1.976555e+00
9.970640731674085e-03	3.251560e+00
9.974845621457210e-03	3.784410e+00
9.976442618835327e-03	3.880991e+00
9.978847802288165e-03	3.916012e+00
9.981176713073711e-03	3.842558e+00
9.983972342981517e-03	3.640612e+00
9.987418135637808e-03	3.250010e+00
9.993408442461516e-03	2.298413e+00
1.000000000000000e-02	1.007360e+00
