time	V(vout)
0.000000000000000e+00	9.112033e-04
9.034937759718040e-08	9.568736e-04
1.806987551943608e-07	1.161073e-03
2.710481327915412e-07	1.523803e-03
3.613975103887216e-07	2.045061e-03
4.517468879859020e-07	2.724850e-03
5.420962655830824e-07	3.563168e-03
6.324456431802625e-07	4.560015e-03
1.156379535078582e-06	1.281087e-02
1.879570597825572e-06	3.029242e-02
2.917079740001538e-06	6.452028e-02
4.328337431106131e-06	1.226700e-01
6.229314294629064e-06	2.132959e-01
8.451029689665242e-06	3.283625e-01
1.138189894040800e-05	4.863359e-01
2.071556389777398e-05	9.987168e-01
2.914812603000094e-05	1.460212e+00
3.891375103000094e-05	1.989483e+00
4.867937603000094e-05	2.511292e+00
5.844500103000094e-05	3.023655e+00
6.821062603000094e-05	3.524647e+00
7.797625103000093e-05	4.012379e+00
8.774187603000093e-05	4.485011e+00
9.750750103000092e-05	4.940763e+00
1.072731260300009e-04	5.377917e+00
1.170387510300009e-04	5.794856e+00
1.365700010300009e-04	6.562372e+00
1.561012510300009e-04	7.230994e+00
1.756325010300010e-04	7.790690e+00
1.951637510300010e-04	8.233065e+00
2.146950010300010e-04	8.551496e+00
2.342262510300010e-04	8.741229e+00
2.537575010300010e-04	8.799453e+00
2.732887510300011e-04	8.725335e+00
2.928200010300011e-04	8.520035e+00
3.123512510300011e-04	8.186684e+00
3.318825010300011e-04	7.730331e+00
3.514137510300011e-04	7.157872e+00
3.709450010300011e-04	6.477943e+00
3.904762510300012e-04	5.700796e+00
4.002418760300012e-04	5.279130e+00
4.100075010300012e-04	4.837433e+00
4.197731260300012e-04	4.377590e+00
4.295387510300012e-04	3.901263e+00
4.393043760300012e-04	3.410261e+00
4.490700010300012e-04	2.906425e+00
4.588356260300012e-04	2.391651e+00
4.686012510300012e-04	1.867871e+00
4.783668760300012e-04	1.337056e+00
4.881325010300012e-04	8.012014e-01
4.978981260300012e-04	2.623221e-01
5.076637510300012e-04	-2.775543e-01
5.174293760300012e-04	-8.163962e-01
5.271950010300012e-04	-1.352175e+00
5.369606260300012e-04	-1.882874e+00
5.467262510300012e-04	-2.406492e+00
5.564918760300012e-04	-2.921058e+00
5.662575010300013e-04	-3.424631e+00
5.760231260300013e-04	-3.915314e+00
5.857887510300013e-04	-4.391255e+00
5.955543760300013e-04	-4.850661e+00
6.053200010300013e-04	-5.291799e+00
6.150856260300013e-04	-5.713003e+00
6.248512510300013e-04	-6.112688e+00
6.346168760300013e-04	-6.489344e+00
6.443825010300013e-04	-6.841554e+00
6.541481260300013e-04	-7.167988e+00
6.736793760300014e-04	-7.738717e+00
6.932106260300014e-04	-8.192945e+00
7.127418760300014e-04	-8.523863e+00
7.322731260300014e-04	-8.726490e+00
7.518043760300014e-04	-8.797802e+00
7.713356260300014e-04	-8.736765e+00
7.908668760300015e-04	-8.544341e+00
8.103981260300015e-04	-8.223458e+00
8.299293760300015e-04	-7.778930e+00
8.494606260300015e-04	-7.217473e+00
8.592262510300015e-04	-6.895470e+00
8.689918760300015e-04	-6.547534e+00
8.787575010300015e-04	-6.174971e+00
8.885231260300015e-04	-5.779182e+00
8.982887510300016e-04	-5.361656e+00
9.080543760300016e-04	-4.923960e+00
9.178200010300016e-04	-4.467739e+00
9.275856260300016e-04	-3.994705e+00
9.373512510300016e-04	-3.506638e+00
9.471168760300016e-04	-3.005369e+00
9.568825010300016e-04	-2.492782e+00
9.666481260300016e-04	-1.970804e+00
9.764137510300016e-04	-1.441396e+00
9.861793760300016e-04	-9.065489e-01
9.959450010300016e-04	-3.682740e-01
1.005710626030002e-03	1.714035e-01
1.015476251030002e-03	7.104528e-01
1.025241876030002e-03	1.246844e+00
1.035007501030002e-03	1.778558e+00
1.044773126030002e-03	2.303592e+00
1.054538751030002e-03	2.819967e+00
1.064304376030002e-03	3.325737e+00
1.074070001030002e-03	3.818996e+00
1.083835626030002e-03	4.297885e+00
1.093601251030002e-03	4.760600e+00
1.103366876030002e-03	5.205394e+00
1.113132501030002e-03	5.630595e+00
1.132663751030002e-03	6.416442e+00
1.152195001030002e-03	7.105686e+00
1.171726251030002e-03	7.687892e+00
1.191257501030002e-03	8.154320e+00
1.210788751030002e-03	8.497981e+00
1.230320001030002e-03	8.713741e+00
1.249851251030002e-03	8.798397e+00
1.269382501030002e-03	8.750718e+00
1.288913751030002e-03	8.571467e+00
1.308445001030002e-03	8.263383e+00
1.327976251030002e-03	7.831137e+00
1.347507501030002e-03	7.281262e+00
1.367038751030002e-03	6.622057e+00
1.386570001030002e-03	5.863460e+00
1.396335626030002e-03	5.450325e+00
1.406101251030002e-03	5.016373e+00
1.415866876030002e-03	4.563607e+00
1.425632501030002e-03	4.093655e+00
1.435398126030002e-03	3.608306e+00
1.445163751030002e-03	3.109379e+00
1.454929376030002e-03	2.598750e+00
1.464695001030002e-03	2.078338e+00
1.474460626030002e-03	1.550099e+00
1.484226251030002e-03	1.016019e+00
1.493991876030002e-03	4.781072e-01
1.503757501030002e-03	-6.161409e-02
1.513523126030002e-03	-6.011136e-01
1.523288751030002e-03	-1.138361e+00
1.533054376030002e-03	-1.671332e+00
1.542820001030002e-03	-2.198021e+00
1.552585626030002e-03	-2.716443e+00
1.562351251030002e-03	-3.224644e+00
1.572116876030002e-03	-3.720707e+00
1.581882501030002e-03	-4.202764e+00
1.591648126030002e-03	-4.668996e+00
1.601413751030002e-03	-5.117644e+00
1.611179376030002e-03	-5.547017e+00
1.620945001030002e-03	-5.955495e+00
1.630710626030002e-03	-6.341538e+00
1.640476251030002e-03	-6.703691e+00
1.650241876030002e-03	-7.040588e+00
1.660007501030002e-03	-7.350961e+00
1.679538751030002e-03	-7.887563e+00
1.699070001030002e-03	-8.305429e+00
1.718601251030002e-03	-8.598298e+00
1.738132501030002e-03	-8.761758e+00
1.757663751030002e-03	-8.793383e+00
1.777195001030002e-03	-8.692739e+00
1.796726251030002e-03	-8.461381e+00
1.816257501030002e-03	-8.102810e+00
1.835788751030002e-03	-7.622418e+00
1.845554376030002e-03	-7.338737e+00
1.855320001030002e-03	-7.027453e+00
1.865085626030002e-03	-6.689739e+00
1.874851251030002e-03	-6.326863e+00
1.884616876030002e-03	-5.940192e+00
1.894382501030002e-03	-5.531177e+00
1.904148126030002e-03	-5.101355e+00
1.913913751030002e-03	-4.652342e+00
1.923679376030002e-03	-4.185824e+00
1.933445001030002e-03	-3.703553e+00
1.943210626030002e-03	-3.207341e+00
1.952976251030002e-03	-2.699053e+00
1.962741876030002e-03	-2.180598e+00
1.972507501030002e-03	-1.653924e+00
1.982273126030002e-03	-1.121012e+00
1.992038751030002e-03	-5.838659e-01
2.001804376030002e-03	-4.450588e-02
2.011570001030001e-03	4.950385e-01
2.021335626030001e-03	1.032736e+00
2.031101251030001e-03	1.566563e+00
2.040866876030001e-03	2.094508e+00
2.050632501030001e-03	2.614582e+00
2.060398126030000e-03	3.124825e+00
2.070163751030000e-03	3.623314e+00
2.079929376030000e-03	4.108171e+00
2.089695001030000e-03	4.577568e+00
2.099460626030000e-03	5.029736e+00
2.109226251029999e-03	5.462970e+00
2.128757501029999e-03	6.266629e+00
2.148288751029999e-03	6.976090e+00
2.167820001029998e-03	7.580458e+00
2.187351251029998e-03	8.070658e+00
2.206882501029997e-03	8.439343e+00
2.226413751029997e-03	8.681004e+00
2.245945001029996e-03	8.792042e+00
2.265476251029996e-03	8.770833e+00
2.285007501029996e-03	8.617740e+00
2.304538751029995e-03	8.335110e+00
2.324070001029995e-03	7.927231e+00
2.343601251029994e-03	7.400273e+00
2.363132501029994e-03	6.762190e+00
2.382663751029994e-03	6.022602e+00
2.392429376029993e-03	5.618165e+00
2.402195001029993e-03	5.192315e+00
2.411960626029993e-03	4.746870e+00
2.421726251029993e-03	4.283585e+00
2.431491876029993e-03	3.804178e+00
2.441257501029992e-03	3.310461e+00
2.451023126029992e-03	2.804284e+00
2.460788751029992e-03	2.287553e+00
2.470554376029992e-03	1.762208e+00
2.480320001029991e-03	1.230224e+00
2.490085626029991e-03	6.936027e-01
2.499851251029991e-03	1.543616e-01
2.509616876029991e-03	-3.854705e-01
2.519382501029991e-03	-9.238619e-01
2.529148126029990e-03	-1.458786e+00
2.538913751029990e-03	-1.988227e+00
2.548679376029990e-03	-2.510192e+00
2.558445001029990e-03	-3.022713e+00
2.568210626029990e-03	-3.523859e+00
2.577976251029989e-03	-4.011740e+00
2.587741876029989e-03	-4.484516e+00
2.597507501029989e-03	-4.940404e+00
2.607273126029989e-03	-5.377686e+00
2.617038751029989e-03	-5.794711e+00
2.626804376029988e-03	-6.189908e+00
2.636570001029988e-03	-6.561786e+00
2.646335626029988e-03	-6.908943e+00
2.656101251029988e-03	-7.230072e+00
2.675632501029987e-03	-7.789509e+00
2.695163751029987e-03	-8.231682e+00
2.714695001029986e-03	-8.549965e+00
2.734226251029986e-03	-8.739564e+00
2.753757501029986e-03	-8.797653e+00
2.773288751029985e-03	-8.723402e+00
2.792820001029985e-03	-8.517968e+00
2.812351251029984e-03	-8.184472e+00
2.831882501029984e-03	-7.727920e+00
2.841648126029984e-03	-7.455584e+00
2.851413751029984e-03	-7.155206e+00
2.861179376029983e-03	-6.827917e+00
2.870945001029983e-03	-6.474947e+00
2.880710626029983e-03	-6.097625e+00
2.890476251029983e-03	-5.697367e+00
2.900241876029983e-03	-5.275679e+00
2.910007501029982e-03	-4.834144e+00
2.919773126029982e-03	-4.374421e+00
2.929538751029982e-03	-3.898237e+00
2.939304376029982e-03	-3.407381e+00
2.949070001029981e-03	-2.903696e+00
2.958835626029981e-03	-2.389076e+00
2.968601251029981e-03	-1.865453e+00
2.978366876029981e-03	-1.334798e+00
2.988132501029981e-03	-7.991035e-01
2.997898126029980e-03	-2.603858e-01
3.007663751029980e-03	2.793286e-01
3.017429376029980e-03	8.180085e-01
3.027195001029980e-03	1.353626e+00
3.036960626029980e-03	1.884163e+00
3.046726251029979e-03	2.407623e+00
3.056491876029979e-03	2.922031e+00
3.066257501029979e-03	3.425450e+00
3.076023126029979e-03	3.915982e+00
3.085788751029979e-03	4.391779e+00
3.095554376029978e-03	4.851047e+00
3.105320001029978e-03	5.292055e+00
3.115085626029978e-03	5.713147e+00
3.134616876029978e-03	6.489896e+00
3.154148126029977e-03	7.168880e+00
3.173679376029977e-03	7.739875e+00
3.193210626029976e-03	8.194309e+00
3.212741876029976e-03	8.525380e+00
3.232273126029975e-03	8.728143e+00
3.251804376029975e-03	8.799587e+00
3.271335626029975e-03	8.738685e+00
3.290866876029974e-03	8.546394e+00
3.310398126029974e-03	8.225652e+00
3.329929376029973e-03	7.781319e+00
3.349460626029973e-03	7.220109e+00
3.368991876029973e-03	6.550492e+00
3.388523126029972e-03	5.782562e+00
3.398288751029972e-03	5.365141e+00
3.408054376029972e-03	4.927271e+00
3.417820001029971e-03	4.470936e+00
3.427585626029971e-03	3.997759e+00
3.437351251029971e-03	3.509548e+00
3.447116876029971e-03	3.008129e+00
3.456882501029971e-03	2.495388e+00
3.466648126029970e-03	1.973253e+00
3.476413751029970e-03	1.443686e+00
3.486179376029970e-03	9.086790e-01
3.495945001029970e-03	3.702427e-01
3.505710626029970e-03	-1.695968e-01
3.515476251029969e-03	-7.088081e-01
3.525241876029969e-03	-1.245362e+00
3.535007501029969e-03	-1.777237e+00
3.544773126029969e-03	-2.302430e+00
3.554538751029969e-03	-2.818963e+00
3.564304376029968e-03	-3.324888e+00
3.574070001029968e-03	-3.818298e+00
3.583835626029968e-03	-4.297334e+00
3.593601251029968e-03	-4.760187e+00
3.603366876029968e-03	-5.205113e+00
3.613132501029967e-03	-5.630435e+00
3.622898126029967e-03	-6.034546e+00
3.632663751029967e-03	-6.415925e+00
3.642429376029967e-03	-6.773133e+00
3.652195001029966e-03	-7.104824e+00
3.661960626029966e-03	-7.409748e+00
3.681491876029966e-03	-7.934811e+00
3.701023126029965e-03	-8.340426e+00
3.720554376029965e-03	-8.620523e+00
3.740085626029965e-03	-8.770875e+00
3.759616876029964e-03	-8.789260e+00
3.779148126029964e-03	-8.675442e+00
3.798679376029963e-03	-8.431174e+00
3.818210626029963e-03	-8.060146e+00
3.837741876029963e-03	-7.567943e+00
3.847507501029962e-03	-7.278652e+00
3.857273126029962e-03	-6.961986e+00
3.867038751029962e-03	-6.619134e+00
3.876804376029962e-03	-6.251388e+00
3.886570001029961e-03	-5.860128e+00
3.896335626029961e-03	-5.446826e+00
3.906101251029961e-03	-5.013035e+00
3.915866876029961e-03	-4.560383e+00
3.925632501029961e-03	-4.090572e+00
3.935398126029960e-03	-3.605367e+00
3.945163751029960e-03	-3.106589e+00
3.954929376029960e-03	-2.596113e+00
3.964695001029960e-03	-2.075857e+00
3.974460626029960e-03	-1.547777e+00
3.984226251029959e-03	-1.013857e+00
3.993991876029959e-03	-4.761062e-01
4.003757501029959e-03	6.345326e-02
4.013523126029959e-03	6.027907e-01
4.023288751029959e-03	1.139876e+00
4.033054376029958e-03	1.672686e+00
4.042820001029958e-03	2.199215e+00
4.052585626029958e-03	2.717479e+00
4.062351251029958e-03	3.225524e+00
4.072116876029958e-03	3.721436e+00
4.081882501029957e-03	4.203345e+00
4.091648126029957e-03	4.669435e+00
4.101413751029957e-03	5.117950e+00
4.111179376029957e-03	5.547200e+00
4.130710626029956e-03	6.342017e+00
4.150241876029956e-03	7.041420e+00
4.169773126029955e-03	7.634751e+00
4.189304376029955e-03	8.113100e+00
4.208835626029955e-03	8.469300e+00
4.228366876029954e-03	8.698028e+00
4.247898126029954e-03	8.795882e+00
4.267429376029953e-03	8.761436e+00
4.286960626029953e-03	8.595250e+00
4.306491876029953e-03	8.299870e+00
4.326023126029952e-03	7.879776e+00
4.345554376029952e-03	7.341319e+00
4.365085626029951e-03	6.692626e+00
4.384616876029951e-03	5.943477e+00
4.394382501029951e-03	5.534671e+00
4.404148126029950e-03	5.104726e+00
4.413913751029950e-03	4.655589e+00
4.423679376029950e-03	4.188935e+00
4.433445001029950e-03	3.706522e+00
4.443210626029950e-03	3.210162e+00
4.452976251029949e-03	2.701721e+00
4.462741876029949e-03	2.183110e+00
4.472507501029949e-03	1.656278e+00
4.482273126029949e-03	1.123206e+00
4.492038751029949e-03	5.858993e-01
4.501804376029948e-03	4.637746e-02
4.511570001029948e-03	-4.933290e-01
4.521335626029948e-03	-1.031189e+00
4.531101251029948e-03	-1.565177e+00
4.540866876029948e-03	-2.093282e+00
4.550632501029947e-03	-2.613514e+00
4.560398126029947e-03	-3.123914e+00
4.570163751029947e-03	-3.622556e+00
4.579929376029947e-03	-4.107562e+00
4.589695001029947e-03	-4.577101e+00
4.599460626029946e-03	-5.029403e+00
4.609226251029946e-03	-5.462763e+00
4.618991876029946e-03	-5.875546e+00
4.628757501029946e-03	-6.266195e+00
4.638523126029945e-03	-6.633238e+00
4.648288751029945e-03	-6.975291e+00
4.658054376029945e-03	-7.291066e+00
4.677585626029945e-03	-7.839127e+00
4.697116876029944e-03	-8.269178e+00
4.716648126029944e-03	-8.574778e+00
4.736179376029943e-03	-8.751320e+00
4.755710626029943e-03	-8.796181e+00
4.775241876029943e-03	-8.708726e+00
4.794773126029942e-03	-8.490314e+00
4.814304376029942e-03	-8.144255e+00
4.833835626029941e-03	-7.675746e+00
4.843601251029941e-03	-7.397717e+00
4.853366876029941e-03	-7.091863e+00
4.863132501029941e-03	-6.759336e+00
4.872898126029940e-03	-6.401387e+00
4.882663751029940e-03	-6.019361e+00
4.892429376029940e-03	-5.614695e+00
4.902195001029940e-03	-5.188908e+00
4.911960626029940e-03	-4.743600e+00
4.921726251029939e-03	-4.280445e+00
4.931491876029939e-03	-3.801181e+00
4.941257501029939e-03	-3.307610e+00
4.951023126029939e-03	-2.801585e+00
4.960788751029939e-03	-2.285009e+00
4.970554376029938e-03	-1.759821e+00
4.980320001029938e-03	-1.227998e+00
4.990085626029938e-03	-6.915371e-01
4.999851251029938e-03	-1.524577e-01
5.009616876029938e-03	3.872124e-01
5.019382501029937e-03	9.254417e-01
5.029148126029937e-03	1.460204e+00
5.038913751029937e-03	1.989485e+00
5.048679376029937e-03	2.511291e+00
5.058445001029937e-03	3.023655e+00
5.068210626029936e-03	3.524647e+00
5.077976251029936e-03	4.012379e+00
5.087741876029936e-03	4.485011e+00
5.097507501029936e-03	4.940763e+00
5.107273126029935e-03	5.377917e+00
5.117038751029935e-03	5.794856e+00
5.136570001029935e-03	6.562372e+00
5.156101251029934e-03	7.230994e+00
5.175632501029934e-03	7.790690e+00
5.195163751029934e-03	8.233065e+00
5.214695001029933e-03	8.551496e+00
5.234226251029933e-03	8.741229e+00
5.253757501029932e-03	8.799453e+00
5.273288751029932e-03	8.725335e+00
5.292820001029932e-03	8.520035e+00
5.312351251029931e-03	8.186684e+00
5.331882501029931e-03	7.730331e+00
5.351413751029930e-03	7.157872e+00
5.370945001029930e-03	6.477943e+00
5.390476251029929e-03	5.700796e+00
5.400241876029929e-03	5.279130e+00
5.410007501029929e-03	4.837433e+00
5.419773126029929e-03	4.377590e+00
5.429538751029929e-03	3.901263e+00
5.439304376029928e-03	3.410261e+00
5.449070001029928e-03	2.906425e+00
5.458835626029928e-03	2.391651e+00
5.468601251029928e-03	1.867871e+00
5.478366876029928e-03	1.337056e+00
5.488132501029927e-03	8.012014e-01
5.497898126029927e-03	2.623221e-01
5.507663751029927e-03	-2.775543e-01
5.517429376029927e-03	-8.163962e-01
5.527195001029927e-03	-1.352175e+00
5.536960626029926e-03	-1.882874e+00
5.546726251029926e-03	-2.406492e+00
5.556491876029926e-03	-2.921058e+00
5.566257501029926e-03	-3.424631e+00
5.576023126029925e-03	-3.915314e+00
5.585788751029925e-03	-4.391255e+00
5.595554376029925e-03	-4.850661e+00
5.605320001029925e-03	-5.291799e+00
5.615085626029925e-03	-5.713003e+00
5.624851251029924e-03	-6.112688e+00
5.634616876029924e-03	-6.489344e+00
5.644382501029924e-03	-6.841554e+00
5.654148126029924e-03	-7.167988e+00
5.673679376029923e-03	-7.738717e+00
5.693210626029923e-03	-8.192945e+00
5.712741876029923e-03	-8.523863e+00
5.732273126029922e-03	-8.726490e+00
5.751804376029922e-03	-8.797802e+00
5.771335626029921e-03	-8.736765e+00
5.790866876029921e-03	-8.544341e+00
5.810398126029920e-03	-8.223458e+00
5.829929376029920e-03	-7.778930e+00
5.849460626029920e-03	-7.217473e+00
5.859226251029919e-03	-6.895470e+00
5.868991876029919e-03	-6.547534e+00
5.878757501029919e-03	-6.174971e+00
5.888523126029919e-03	-5.779182e+00
5.898288751029919e-03	-5.361656e+00
5.908054376029918e-03	-4.923960e+00
5.917820001029918e-03	-4.467739e+00
5.927585626029918e-03	-3.994705e+00
5.937351251029918e-03	-3.506638e+00
5.947116876029918e-03	-3.005369e+00
5.956882501029917e-03	-2.492782e+00
5.966648126029917e-03	-1.970804e+00
5.976413751029917e-03	-1.441396e+00
5.986179376029917e-03	-9.065489e-01
5.995945001029917e-03	-3.682740e-01
6.005710626029916e-03	1.714035e-01
6.015476251029916e-03	7.104528e-01
6.025241876029916e-03	1.246844e+00
6.035007501029916e-03	1.778558e+00
6.044773126029915e-03	2.303592e+00
6.054538751029915e-03	2.819967e+00
6.064304376029915e-03	3.325737e+00
6.074070001029915e-03	3.818996e+00
6.083835626029915e-03	4.297885e+00
6.093601251029914e-03	4.760600e+00
6.103366876029914e-03	5.205394e+00
6.113132501029914e-03	5.630595e+00
6.132663751029914e-03	6.416442e+00
6.152195001029913e-03	7.105686e+00
6.171726251029913e-03	7.687892e+00
6.191257501029912e-03	8.154320e+00
6.210788751029912e-03	8.497981e+00
6.230320001029912e-03	8.713741e+00
6.249851251029911e-03	8.798397e+00
6.269382501029911e-03	8.750718e+00
6.288913751029910e-03	8.571467e+00
6.308445001029910e-03	8.263383e+00
6.327976251029909e-03	7.831137e+00
6.347507501029909e-03	7.281262e+00
6.367038751029909e-03	6.622057e+00
6.386570001029908e-03	5.863460e+00
6.396335626029908e-03	5.450325e+00
6.406101251029908e-03	5.016373e+00
6.415866876029908e-03	4.563607e+00
6.425632501029907e-03	4.093655e+00
6.435398126029907e-03	3.608306e+00
6.445163751029907e-03	3.109379e+00
6.454929376029907e-03	2.598750e+00
6.464695001029907e-03	2.078338e+00
6.474460626029906e-03	1.550099e+00
6.484226251029906e-03	1.016019e+00
6.493991876029906e-03	4.781072e-01
6.503757501029906e-03	-6.161409e-02
6.513523126029905e-03	-6.011136e-01
6.523288751029905e-03	-1.138361e+00
6.533054376029905e-03	-1.671332e+00
6.542820001029905e-03	-2.198021e+00
6.552585626029905e-03	-2.716443e+00
6.562351251029904e-03	-3.224644e+00
6.572116876029904e-03	-3.720707e+00
6.581882501029904e-03	-4.202764e+00
6.591648126029904e-03	-4.668996e+00
6.601413751029904e-03	-5.117644e+00
6.611179376029903e-03	-5.547017e+00
6.620945001029903e-03	-5.955495e+00
6.630710626029903e-03	-6.341538e+00
6.640476251029903e-03	-6.703691e+00
6.650241876029903e-03	-7.040588e+00
6.660007501029902e-03	-7.350961e+00
6.679538751029902e-03	-7.887563e+00
6.699070001029902e-03	-8.305429e+00
6.718601251029901e-03	-8.598298e+00
6.738132501029901e-03	-8.761758e+00
6.757663751029900e-03	-8.793383e+00
6.777195001029900e-03	-8.692739e+00
6.796726251029899e-03	-8.461381e+00
6.816257501029899e-03	-8.102810e+00
6.835788751029899e-03	-7.622418e+00
6.845554376029898e-03	-7.338737e+00
6.855320001029898e-03	-7.027453e+00
6.865085626029898e-03	-6.689739e+00
6.874851251029898e-03	-6.326863e+00
6.884616876029898e-03	-5.940192e+00
6.894382501029897e-03	-5.531177e+00
6.904148126029897e-03	-5.101355e+00
6.913913751029897e-03	-4.652342e+00
6.923679376029897e-03	-4.185824e+00
6.933445001029897e-03	-3.703553e+00
6.943210626029896e-03	-3.207341e+00
6.952976251029896e-03	-2.699053e+00
6.962741876029896e-03	-2.180598e+00
6.972507501029896e-03	-1.653924e+00
6.982273126029895e-03	-1.121012e+00
6.992038751029895e-03	-5.838659e-01
7.001804376029895e-03	-4.450588e-02
7.011570001029895e-03	4.950385e-01
7.021335626029895e-03	1.032736e+00
7.031101251029894e-03	1.566563e+00
7.040866876029894e-03	2.094508e+00
7.050632501029894e-03	2.614582e+00
7.060398126029894e-03	3.124825e+00
7.070163751029894e-03	3.623314e+00
7.079929376029893e-03	4.108171e+00
7.089695001029893e-03	4.577568e+00
7.099460626029893e-03	5.029736e+00
7.109226251029893e-03	5.462970e+00
7.128757501029892e-03	6.266629e+00
7.148288751029892e-03	6.976090e+00
7.167820001029892e-03	7.580458e+00
7.187351251029891e-03	8.070658e+00
7.206882501029891e-03	8.439343e+00
7.226413751029890e-03	8.681004e+00
7.245945001029890e-03	8.792042e+00
7.265476251029889e-03	8.770833e+00
7.285007501029889e-03	8.617740e+00
7.304538751029889e-03	8.335110e+00
7.324070001029888e-03	7.927231e+00
7.343601251029888e-03	7.400273e+00
7.363132501029887e-03	6.762190e+00
7.382663751029887e-03	6.022602e+00
7.392429376029887e-03	5.618165e+00
7.402195001029887e-03	5.192315e+00
7.411960626029886e-03	4.746870e+00
7.421726251029886e-03	4.283585e+00
7.431491876029886e-03	3.804178e+00
7.441257501029886e-03	3.310461e+00
7.451023126029886e-03	2.804284e+00
7.460788751029885e-03	2.287553e+00
7.470554376029885e-03	1.762208e+00
7.480320001029885e-03	1.230224e+00
7.490085626029885e-03	6.936027e-01
7.499851251029884e-03	1.543616e-01
7.509616876029884e-03	-3.854705e-01
7.519382501029884e-03	-9.238619e-01
7.529148126029884e-03	-1.458786e+00
7.538913751029884e-03	-1.988227e+00
7.548679376029883e-03	-2.510192e+00
7.558445001029883e-03	-3.022713e+00
7.568210626029883e-03	-3.523859e+00
7.577976251029883e-03	-4.011740e+00
7.587741876029883e-03	-4.484516e+00
7.597507501029882e-03	-4.940404e+00
7.607273126029882e-03	-5.377686e+00
7.617038751029882e-03	-5.794711e+00
7.626804376029882e-03	-6.189908e+00
7.636570001029882e-03	-6.561786e+00
7.646335626029881e-03	-6.908943e+00
7.656101251029881e-03	-7.230072e+00
7.675632501029881e-03	-7.789509e+00
7.695163751029880e-03	-8.231682e+00
7.714695001029880e-03	-8.549965e+00
7.734226251029879e-03	-8.739564e+00
7.753757501029879e-03	-8.797653e+00
7.773288751029879e-03	-8.723402e+00
7.792820001029878e-03	-8.517968e+00
7.812351251029878e-03	-8.184472e+00
7.831882501029877e-03	-7.727920e+00
7.841648126029877e-03	-7.455584e+00
7.851413751029877e-03	-7.155206e+00
7.861179376029877e-03	-6.827917e+00
7.870945001029877e-03	-6.474947e+00
7.880710626029876e-03	-6.097625e+00
7.890476251029876e-03	-5.697367e+00
7.900241876029876e-03	-5.275679e+00
7.910007501029876e-03	-4.834144e+00
7.919773126029876e-03	-4.374421e+00
7.929538751029875e-03	-3.898237e+00
7.939304376029875e-03	-3.407381e+00
7.949070001029875e-03	-2.903696e+00
7.958835626029875e-03	-2.389076e+00
7.968601251029874e-03	-1.865453e+00
7.978366876029874e-03	-1.334798e+00
7.988132501029874e-03	-7.991035e-01
7.997898126029874e-03	-2.603858e-01
8.007663751029874e-03	2.793286e-01
8.017429376029873e-03	8.180085e-01
8.027195001029873e-03	1.353626e+00
8.036960626029873e-03	1.884163e+00
8.046726251029873e-03	2.407623e+00
8.056491876029873e-03	2.922031e+00
8.066257501029872e-03	3.425450e+00
8.076023126029872e-03	3.915982e+00
8.085788751029872e-03	4.391779e+00
8.095554376029872e-03	4.851047e+00
8.105320001029872e-03	5.292055e+00
8.115085626029871e-03	5.713147e+00
8.134616876029871e-03	6.489896e+00
8.154148126029871e-03	7.168880e+00
8.173679376029870e-03	7.739875e+00
8.193210626029870e-03	8.194309e+00
8.212741876029869e-03	8.525380e+00
8.232273126029869e-03	8.728143e+00
8.251804376029868e-03	8.799587e+00
8.271335626029868e-03	8.738685e+00
8.290866876029868e-03	8.546394e+00
8.310398126029867e-03	8.225652e+00
8.329929376029867e-03	7.781319e+00
8.349460626029866e-03	7.220109e+00
8.368991876029866e-03	6.550492e+00
8.388523126029866e-03	5.782562e+00
8.398288751029865e-03	5.365141e+00
8.408054376029865e-03	4.927271e+00
8.417820001029865e-03	4.470936e+00
8.427585626029865e-03	3.997759e+00
8.437351251029864e-03	3.509548e+00
8.447116876029864e-03	3.008129e+00
8.456882501029864e-03	2.495388e+00
8.466648126029864e-03	1.973253e+00
8.476413751029864e-03	1.443686e+00
8.486179376029863e-03	9.086790e-01
8.495945001029863e-03	3.702427e-01
8.505710626029863e-03	-1.695968e-01
8.515476251029863e-03	-7.088081e-01
8.525241876029863e-03	-1.245362e+00
8.535007501029862e-03	-1.777237e+00
8.544773126029862e-03	-2.302430e+00
8.554538751029862e-03	-2.818963e+00
8.564304376029862e-03	-3.324888e+00
8.574070001029862e-03	-3.818298e+00
8.583835626029861e-03	-4.297334e+00
8.593601251029861e-03	-4.760187e+00
8.603366876029861e-03	-5.205113e+00
8.613132501029861e-03	-5.630435e+00
8.622898126029861e-03	-6.034546e+00
8.632663751029860e-03	-6.415925e+00
8.642429376029860e-03	-6.773133e+00
8.652195001029860e-03	-7.104824e+00
8.661960626029860e-03	-7.409748e+00
8.681491876029859e-03	-7.934811e+00
8.701023126029859e-03	-8.340426e+00
8.720554376029858e-03	-8.620523e+00
8.740085626029858e-03	-8.770875e+00
8.759616876029858e-03	-8.789260e+00
8.779148126029857e-03	-8.675442e+00
8.798679376029857e-03	-8.431174e+00
8.818210626029856e-03	-8.060146e+00
8.837741876029856e-03	-7.567943e+00
8.847507501029856e-03	-7.278652e+00
8.857273126029856e-03	-6.961986e+00
8.867038751029855e-03	-6.619134e+00
8.876804376029855e-03	-6.251388e+00
8.886570001029855e-03	-5.860128e+00
8.896335626029855e-03	-5.446826e+00
8.906101251029854e-03	-5.013035e+00
8.915866876029854e-03	-4.560383e+00
8.925632501029854e-03	-4.090572e+00
8.935398126029854e-03	-3.605367e+00
8.945163751029854e-03	-3.106589e+00
8.954929376029853e-03	-2.596113e+00
8.964695001029853e-03	-2.075857e+00
8.974460626029853e-03	-1.547777e+00
8.984226251029853e-03	-1.013857e+00
8.993991876029853e-03	-4.761062e-01
9.003757501029852e-03	6.345326e-02
9.013523126029852e-03	6.027907e-01
9.023288751029852e-03	1.139876e+00
9.033054376029852e-03	1.672686e+00
9.042820001029852e-03	2.199215e+00
9.052585626029851e-03	2.717479e+00
9.062351251029851e-03	3.225524e+00
9.072116876029851e-03	3.721436e+00
9.081882501029851e-03	4.203345e+00
9.091648126029851e-03	4.669435e+00
9.101413751029850e-03	5.117950e+00
9.111179376029850e-03	5.547200e+00
9.130710626029850e-03	6.342017e+00
9.150241876029849e-03	7.041420e+00
9.169773126029849e-03	7.634751e+00
9.189304376029848e-03	8.113100e+00
9.208835626029848e-03	8.469300e+00
9.228366876029848e-03	8.698028e+00
9.247898126029847e-03	8.795882e+00
9.267429376029847e-03	8.761436e+00
9.286960626029846e-03	8.595250e+00
9.306491876029846e-03	8.299870e+00
9.326023126029846e-03	7.879776e+00
9.345554376029845e-03	7.341319e+00
9.365085626029845e-03	6.692626e+00
9.384616876029844e-03	5.943477e+00
9.394382501029844e-03	5.534671e+00
9.404148126029844e-03	5.104726e+00
9.413913751029844e-03	4.655589e+00
9.423679376029843e-03	4.188935e+00
9.433445001029843e-03	3.706522e+00
9.443210626029843e-03	3.210162e+00
9.452976251029843e-03	2.701721e+00
9.462741876029843e-03	2.183110e+00
9.472507501029842e-03	1.656278e+00
9.482273126029842e-03	1.123206e+00
9.492038751029842e-03	5.858993e-01
9.501804376029842e-03	4.637746e-02
9.511570001029842e-03	-4.933290e-01
9.521335626029841e-03	-1.031189e+00
9.531101251029841e-03	-1.565177e+00
9.540866876029841e-03	-2.093282e+00
9.550632501029841e-03	-2.613514e+00
9.560398126029841e-03	-3.123914e+00
9.570163751029840e-03	-3.622556e+00
9.579929376029840e-03	-4.107562e+00
9.589695001029840e-03	-4.577101e+00
9.599460626029840e-03	-5.029403e+00
9.609226251029840e-03	-5.462763e+00
9.618991876029839e-03	-5.875546e+00
9.628757501029839e-03	-6.266195e+00
9.638523126029839e-03	-6.633238e+00
9.648288751029839e-03	-6.975291e+00
9.658054376029838e-03	-7.291066e+00
9.677585626029838e-03	-7.839127e+00
9.697116876029838e-03	-8.269178e+00
9.716648126029837e-03	-8.574778e+00
9.736179376029837e-03	-8.751320e+00
9.755710626029836e-03	-8.796181e+00
9.775241876029836e-03	-8.708726e+00
9.794773126029836e-03	-8.490314e+00
9.814304376029835e-03	-8.144255e+00
9.833835626029835e-03	-7.675746e+00
9.843601251029835e-03	-7.397717e+00
9.853366876029834e-03	-7.091863e+00
9.863132501029834e-03	-6.759336e+00
9.872898126029834e-03	-6.401387e+00
9.882663751029834e-03	-6.019361e+00
9.892429376029833e-03	-5.614695e+00
9.902195001029833e-03	-5.188908e+00
9.911960626029833e-03	-4.743600e+00
9.921726251029833e-03	-4.280445e+00
9.931491876029833e-03	-3.801181e+00
9.941257501029832e-03	-3.307610e+00
9.951023126029832e-03	-2.801585e+00
9.960788751029832e-03	-2.285009e+00
9.970554376029832e-03	-1.759821e+00
9.980320001029832e-03	-1.227998e+00
9.990085626029831e-03	-6.915371e-01
1.000000000000000e-02	-1.442342e-01
